  0.99000641923684651        1.0000064190133291       0.99000641923684651     
  0.98000641946036393       0.98000641946036393       0.98985743491387024     
  0.97000641968388135       0.97010814869818851       0.98980405730749277     
  0.96000641990739877       0.96021019346032932       0.98979409242763439     
  0.95000642013091618       0.95031212671919874       0.98982612322761077     
  0.94000642035443360       0.94041353553144624       0.98989874986211157     
  0.93000642057795102       0.93051402086725166       0.99001058942886866     
  0.92000642080146844       0.92061319744211301       0.99016027572779808     
  0.91000642102498586       0.91071069355095791       0.99034645903716523     
  0.90000642124850327       0.90080615090441007       0.99056780590633686     
  0.89000642147202069       0.89089922446704684       0.99082299896469306     
  0.88000642169553811       0.88098958229748892       0.99111073674628647     
  0.87000642191905553       0.87107690539016602       0.99142973352984543     
  0.86000642214257295       0.86116088751860786       0.99177871919372806     
  0.85000642236609036       0.85124123508011218       0.99215643908544493     
  0.84000642258960778       0.84131766694164622       0.99256165390537643     
  0.83000642281312520       0.83138991428684161       0.99299313960432012     
  0.82000642303664262       0.82145772046394638       0.99344968729451277     
  0.81000642326016004       0.81152084083460041       0.99393010317377806     
  0.80000642348367745       0.80157904262330559       0.99443320846245986     
  0.79000642370719487       0.79163210476746393       0.99495783935280824     
  0.78000642393071229       0.78167981776786055       0.99550284697049185     
  0.77000642415422971       0.77172198353947308       0.99606709734791743     
  0.76000642437774713       0.76175841526248933       0.99664947140904281     
  0.75000642460126454       0.75178893723342122       0.99724886496537801     
  0.74000642482478196       0.74181338471620362       0.99786418872287164     
  0.73000642504829938       0.73183160379317114       0.99849436829938831     
  0.72000642527181680       0.72184345121580895       0.99913834425248704     
  0.71000642549533421       0.71184879425517467       0.99979507211721563     
  0.70000642571885163       0.70184751055189409        1.0004635224536420     
  0.69000642594236905       0.69183948796563377        1.0011426809038477     
  0.68000642616588647       0.68182462442395719        1.0018315482581137     
  0.67000642638940389       0.67180282777047495        1.0025291405300334     
  0.66000642661292130       0.66177401561219973        1.0032344890402924     
  0.65000642683643872       0.65173811516602109        1.0039466405088604     
  0.64000642705995614       0.64169506310421787        1.0046646571553406     
  0.63000642728347356       0.63164480539892687        1.0053876168072333     
  0.62000642750699098       0.62158729716549055        1.0061146130158687     
  0.61000642773050839       0.61152250250460805        1.0068447551797706     
  0.60000642795402581       0.60145039434321623        1.0075771686752184     
  0.59000642817754323       0.59137095427403019        1.0083109949937767     
  0.58000642840106065       0.58128417239367469        1.0090453918865674     
  0.57000642862457807       0.57119004713933996        1.0097795335150630     
  0.56000642884809548       0.56108858512389770        1.0105126106081863     
  0.55000642907161290       0.55097980096941568        1.0112438306255023     
  0.54000642929513032       0.54086371713901082        1.0119724179262968     
  0.53000642951864774       0.53074036376698286        1.0126976139443387     
  0.52000642974216515       0.52060977848717249        1.0134186773681271     
  0.51000642996568257       0.51047200625949107        1.0141348843264308     
  0.50000643018919999       0.50032709919456864        1.0148455285789331     
  0.49000643041271741       0.49017511637647088        1.0155499217117960     
  0.48000643063623483       0.48001612368343705        1.0162473933379701     
  0.47000643085975224       0.46985019360659103        1.0169372913020742     
  0.46000643108326966       0.45967740506658211        1.0176189818896795     
  0.45000643130678708       0.44949784322811109        1.0182918500408367     
  0.44000643153030450       0.43931159931230085        1.0189552995676912     
  0.43000643175382192       0.42911877040687091        1.0196087533760363     
  0.42000643197733933       0.41891945927407714        1.0202516536906616     
  0.41000643220085675       0.40871377415637999        1.0208834622843606     
  0.40000643242437417       0.39850182857980443        1.0215036607104662     
  0.39000643264789159       0.38828374115495778        1.0221117505387929     
  0.38000643287140901       0.37805963537567139        1.0227072535948665     
  0.37000643309492642       0.36782963941523406        1.0232897122023357     
  0.36000643331844384       0.35759388592018593        1.0238586894284618     
  0.35000643354196126       0.34735251180164239        1.0244137693325948     
  0.34000643376547868       0.33710565802411868        1.0249545572175476     
  0.33000643398899610       0.32685346939182663        1.0254806798837952     
  0.32000643421251351       0.31659609433241559        1.0259917858864247     
  0.31000643443603093       0.30633368467813016        1.0264875457947802     
  0.30000643465954835       0.29606639544435859        1.0269676524547493     
  0.29000643488306577       0.28579438460554485        1.0274318212536502     
  0.28000643510658318       0.27551781286843924        1.0278797903876864     
  0.27000643533010060       0.26523684344266180        1.0283113211319481     
  0.26000643555361802       0.25495164180855262        1.0287261981129450     
  0.25000643577713544       0.24466237548228459        1.0291242295836718     
  0.24000643600065286       0.23436921377821265        1.0295052477012143     
  0.23000643622417027       0.22407232756843415        1.0298691088069141     
  0.22000643644768769       0.21377188903953470        1.0302156937091254     
  0.21000643667120511       0.20346807144649326        1.0305449079686064     
  0.20000643689472253       0.19316104886372004        1.0308566821865983     
  0.19000643711823995       0.18285099593319978        1.0311509722956609     
  0.18000643734175736       0.17253808760971262        1.0314277598533439     
  0.17000643756527478       0.16222249890310361        1.0316870523387860     
  0.16000643778879220       0.15190440461757138        1.0319288834523477     
  0.15000643801230962       0.14158397908794454        1.0321533134183978     
  0.14000643823582704       0.13126139591291411        1.0323604292913870     
  0.13000643845934445       0.12093682768518799        1.0325503452653559     
  0.12000643868286187       0.11061044571853269        1.0327232029870401     
  0.11000643890637929       0.10028241977166520        1.0328791718727492     
  0.10000643912989671        8.9952917768956350E-002   1.0330184494292145     
   9.0006439353414125E-002   7.9622105517905092E-002   1.0331412615786115     
   8.0006439576931543E-002   6.9290146423340679E-002   1.0332478629879849     
   7.0006439800448961E-002   5.8957201198307621E-002   1.0333385374033150     
   6.0006440023966379E-002   4.8623427571585678E-002   1.0334135979884862     
   5.0006440247483797E-002   3.8288979991794529E-002   1.0334733876694324     
   4.0006440471001214E-002   2.7954009328029876E-002   1.0335182794837541     
   3.0006440694518632E-002   1.7618662566974714E-002   1.0335486769361182     
   2.0006440918036050E-002   7.2830825064263589E-003   1.0335650143597730     
   1.0006441141553468E-002  -3.0525925548237492E-003   1.0335677572845283     
   6.4413650708861070E-006  -1.3388229130823876E-002   1.0335574028115697     
  -9.9935584114116960E-003  -2.3723698866079758E-002   1.0335344799954991     
  -1.9993558187894278E-002  -3.4058878857030628E-002   1.0334995502340110     
  -2.9993557964376860E-002  -4.4393651977461937E-002   1.0334532076656389     
  -3.9993557740859442E-002  -5.4727907207937812E-002   1.0333960795760242     
  -4.9993557517342024E-002  -6.5061539969340776E-002   1.0333288268131864     
  -5.9993557293824606E-002  -7.5394452460611258E-002   1.0332521442122931     
  -6.9993557070307189E-002  -8.5726554000784452E-002   1.0331667610304547     
  -7.9993556846789771E-002  -9.6057761375427556E-002   1.0330734413920910     
  -8.9993556623272353E-002 -0.10638799918758589        1.0329729847454439     
  -9.9993556399754935E-002 -0.11671720021335233        1.0328662263308341     
 -0.10999355617623752      -0.12704530576218070        1.0327540376612891     
 -0.11999355595272010      -0.13737226604206998        1.0326373270161926     
 -0.12999355572920268      -0.14769804052975286        1.0325170399486394     
 -0.13999355550568526      -0.15802259834602941        1.0323941598072042     
 -0.14999355528216785      -0.16834591863639359        1.0322697082728638     
 -0.15999355505865043      -0.17866799095710786        1.0321447459118458     
 -0.16999355483513301      -0.18898881566688930        1.0320203727452040     
 -0.17999355461161559      -0.19930840432437860        1.0318977288359570     
 -0.18999355438809817      -0.20962678009157182        1.0317779948946606     
 -0.19999355416458076      -0.21994397814340377        1.0316623929043176     
 -0.20999355394106334      -0.23026004608368122        1.0315521867655661     
 -0.21999355371754592      -0.24057504436757327        1.0314486829631258     
 -0.22999355349402850      -0.25088904673087675        1.0313532312545188     
 -0.23999355327051108      -0.26120214062628483        1.0312672253821262     
 -0.24999355304699367      -0.27151442766689687        1.0311921038096754     
 -0.25999355282347625      -0.28182602407722079        1.0311293504843064     
 -0.26999355259995883      -0.29213706115192828        1.0310804956254034     
 -0.27999355237644141      -0.30244768572263764        1.0310471165414274     
 -0.28999355215292399      -0.31275806063301020        1.0310308384760360     
 -0.29999355192940658      -0.32306836522245991        1.0310333354848218     
 -0.30999355170588916      -0.33337879581878910        1.0310563313440611     
 -0.31999355148237174      -0.34368956624007785        1.0311016004929132     
 -0.32999355125885432      -0.35400090830616887        1.0311709690105708     
 -0.33999355103533691      -0.36431307236010502        1.0312663156299213     
 -0.34999355081181949      -0.37462632779989269        1.0313895727893416     
 -0.35999355058830207      -0.38494096362098090        1.0315427277243110     
 -0.36999355036478465      -0.39525728896986290        1.0317278236005989     
 -0.37999355014126723      -0.40557563370922511        1.0319469606908520     
 -0.38999354991774982      -0.41589634899508660        1.0322022975964806     
 -0.39999354969423240      -0.42621980786639246        1.0324960525168196     
 -0.40999354947071498      -0.43654640584754345        1.0328305045676240     
 -0.41999354924719756      -0.44687656156436628        1.0332079951510396     
 -0.42999354902368014      -0.45721071737405017        1.0336309293792818     
 -0.43999354880016273      -0.46754934000959841        1.0341017775543457     
 -0.44999354857664531      -0.47789292123936722        1.0346230767061688     
 -0.45999354835312789      -0.48824197854228907        1.0351974321917718     
 -0.46999354812961047      -0.49859705579940305        1.0358275193580069     
 -0.47999354790609305      -0.50895872400234221        1.0365160852706574     
 -0.48999354768257564      -0.51932758197945550        1.0372659505127513     
 -0.49999354745905822      -0.52970425714027147        1.0380800110550719     
 -0.50999354723554080      -0.54008940623904078        1.0389612402019843     
 -0.51999354701202338      -0.55048371615812708        1.0399126906158271     
 -0.52999354678850596      -0.56088790471204875        1.0409374964232678     
 -0.53999354656498855      -0.57130272147300876        1.0420388754071690     
 -0.54999354634147113      -0.58172894861878632        1.0432201312876717     
 -0.55999354611795371      -0.59216740180390093        1.0444846560963721     
 -0.56999354589443629      -0.60261893105500108        1.0458359326476396     
 -0.57999354567091888      -0.61308442169146915        1.0472775371113159     
 -0.58999354544740146      -0.62356479527227859        1.0488131416912243     
 -0.59999354522388404      -0.63406101057018438        1.0504465174141302     
 -0.60999354500036662      -0.64457406457437583        1.0521815370340060     
 -0.61999354477684920      -0.65510499352276941        1.0540221780566872     
 -0.62999354455333179      -0.66565487396517187        1.0559725258902446     
 -0.63999354432981437      -0.67622482385859950        1.0580367771266550     
 -0.64999354410629695      -0.68681600369609419        1.0602192429606199     
 -0.65999354388277953      -0.69742961767043954        1.0625243527516666     
 -0.66999354365926211      -0.70806691487424034        1.0649566577359675     
 -0.67999354343574470      -0.71872919053789719        1.0675208348946270     
 -0.68999354321222728      -0.72941778730707574        1.0702216909855224     
 -0.69999354298870986      -0.74013409656134310        1.0730641667461385     
 -0.70999354276519244      -0.75087955977571941        1.0760533412752096     
 -0.71999354254167502      -0.76165566992697442        1.0791944366013775     
 -0.72999354231815761      -0.77246397294658142        1.0824928224474941     
 -0.73999354209464019      -0.78330606922232970        1.0859540211996370     
 -0.74999354187112277      -0.79418361515069080        1.0895837130903780     
 -0.75999354164760535      -0.80509832474212950        1.0933877416063400     
 -0.76999354142408793      -0.81605197128165674        1.0973721191306003     
 -0.77999354120057052      -0.82704638904702577        1.1015430328310594     
 -0.78999354097705310      -0.83808347508709091        1.1059068508064815     
 -0.79999354075353568      -0.84916519106296628        1.1104701285025391     
 -0.80999354053001826      -0.86029356515474831        1.1152396154108548     
 -0.81999354030650085      -0.87147069403670119        1.1202222620647442     
 -0.82999354008298343      -0.88269874492394240        1.1254252273460996     
 -0.83999353985946601      -0.89397995769381644        1.1308558861186557     
 -0.84999353963594859      -0.90531664708529924        1.1365218372037149     
 -0.85999353941243117      -0.91671120497994318        1.1424309117153049     
 -0.86999353918891376      -0.92816610276804445        1.1485911817726908     
 -0.87999353896539634      -0.93968389380390105        1.1550109696091724     
 -0.88999353874187892      -0.95126721595422292        1.1616988570971718     
 -0.89999353851836150      -0.96291879424396232        1.1686636957107577     
 -0.90999353829484408      -0.97464144360404881        1.1759146169479642     
 -0.91999353807132667      -0.98643807172574471        1.1834610432365620     
 -0.92999353784780925      -0.99831168202657938        1.1913126993483081     
 -0.93999353762429183       -1.0102653767330776        1.1994796243481736     
 -0.94999353740077441       -1.0223023600857719        1.2079721841066084     
 -0.95999353717725699       -1.0344259416722756        1.2168010844045705     
 -0.96999353695373958       -1.0466395398945005        1.2259773846628215     
 -0.97999353673022216       -1.0589466855764269        1.2355125123288935     
 -0.98999353650670474       -1.0713510257191792        1.2454182779571463     
 -0.99999353628318732       -1.0838563274105222        1.2557068910195068     
  -1.0099935360596699       -1.0964664818962842        1.2663909764867844     
  -1.0199935358361525       -1.1091855088216209        1.2774835922229291     
  -1.0299935356126351       -1.1220175606504741        1.2889982472372379     
  -1.0399935353891177       -1.1349669272720384        1.3009489208423386     
  -1.0499935351656002       -1.1480380408035491        1.3133500827688054     
  -1.0599935349420828       -1.1612354805992224        1.3262167142904944     
  -1.0699935347185654       -1.1745639784757409        1.3395643304181586     
  -1.0799935344950480       -1.1880284241652703        1.3534090032226189     
  -1.0899935342715306       -1.2016338710076266        1.3677673863527511     
  -1.0999935340480131       -1.2153855418938835        1.3826567408178310     
  -1.1099935338244957       -1.2292888354744338        1.3980949621083691     
  -1.1199935336009783       -1.2433493326452774        1.4141006087344983     
  -1.1299935333774609       -1.2575728033271310        1.4306929322662809     
  -1.1399935331539435       -1.2719652135528223        1.4478919089659985     
  -1.1499935329304261       -1.2865327328793668        1.4657182731086211     
  -1.1599935327069086       -1.3012817421421135        1.4841935520932523     
  -1.1699935324833912       -1.3162188415694167        1.5033401034554565     
  -1.1799935322598738       -1.3313508592774208        1.5231811538980369     
  -1.1899935320363564       -1.3466848601657657        1.5437408404660922     
  -1.1999935318128390       -1.3622281552363227        1.5650442540011003     
  -1.2099935315893215       -1.3779883113584626        1.5871174850183964     
  -1.2199935313658041       -1.3939731615058566        1.6099876721628161     
  -1.2299935311422867       -1.4101908154914111        1.6336830534085116     
  -1.2399935309187693       -1.4266496712286578        1.6582330201811128     
  -1.2499935306952519       -1.4433584265497699        1.6836681745935664     
  -1.2599935304717345       -1.4603260916123537        1.7100203900012403     
  -1.2699935302482170       -1.4775620019293039        1.7373228750973435     
  -1.2799935300246996       -1.4950758320582958        1.7656102417864656     
  -1.2899935298011822       -1.5128776099899641        1.7949185770922413     
  -1.2999935295776648       -1.5309777322764684        1.8252855193749091     
  -1.3099935293541474       -1.5493869799450126        1.8567503391560178     
  -1.3199935291306300       -1.5681165352439737        1.8893540248709066     
  -1.3299935289071125       -1.5871779992726229        1.9231393738950318     
  -1.3399935286835951       -1.6065834105490278        1.9581510892179343     
  -1.3499935284600777       -1.6263452645745988        1.9944358821688750     
  -1.3599935282365603       -1.6464765344579591        2.0320425816311465     
  -1.3699935280130429       -1.6669906926653550        2.0710222502181064     
  -1.3799935277895254       -1.6879017339697535        2.1114283079233513     
  -1.3899935275660080       -1.7092241996761066        2.1533166638005379     
  -1.3999935273424906       -1.7309732032060539        2.1967458562755291     
  -1.4099935271189732       -1.7531644571316101        2.2417772027452436     
  -1.4199935268954558       -1.7758143017542141        2.2884749591742888     
  -1.4299935266719384       -1.7989397353329259        2.3369064904627228     
  -1.4399935264484209       -1.8225584460736350        2.3871424524267022     
  -1.4499935262249035       -1.8466888459999264        2.4392569863090330     
  -1.4599935260013861       -1.8713501068358311        2.4933279268194997     
  -1.4699935257778687       -1.8965621980411347        2.5494370247961657     
  -1.4799935255543513       -1.9223459271513244        2.6076701856795932     
  -1.4899935253308338       -1.9487229825867249        2.6681177251031833     
  -1.4999935251073164       -1.9757159791090042        2.7308746430258437     
  -1.5099935248837990       -2.0033485061181668        2.7960409179693122     
  -1.5199935246602816       -2.0316451789995136        2.8637218230732771     
  -1.5299935244367642       -2.0606316937480038        2.9340282658487009     
  -1.5399935242132468       -2.0903348851171644        3.0070771536954943     
  -1.5499935239897293       -2.1207827885613755        3.0829917874571495     
  -1.5599935237662119       -2.1520047062642105        3.1619022855147505     
  -1.5699935235426945       -2.1840312775717909        3.2439460411788494     
  -1.5799935233191771       -2.2168945541791061        3.3292682164233951     
  -1.5899935230956597       -2.2506280804492511        3.4180222753250495     
  -1.5999935228721422       -2.2852669792809253        3.5103705609282239     
  -1.6099935226486248       -2.3208480439786974        3.6064849196559727     
  -1.6199935224251074       -2.3574098366239409        3.7065473778353040     
  -1.6299935222015900       -2.3949927934924999        3.8107508754090307     
  -1.6399935219780726       -2.4336393381186463        3.9193000624726295     
  -1.6499935217545552       -2.4733940026643881        4.0324121649123983     
  -1.6599935215310377       -2.5143035583194919        4.1503179261406045     
  -1.6699935213075203       -2.5564171555315047        4.2732626327359471     
  -1.6799935210840029       -2.5997864749476549        4.4015072327169920     
  -1.6899935208604855       -2.6444658900428846        4.5353295562179738     
  -1.6999935206369681       -2.6905126425117429        4.6750256495186600     
  -1.7099935204134507       -2.7379870316179686        4.8209112347240159     
  -1.7199935201899332       -2.7869526188260272        4.9733233089199977     
  -1.7299935199664158       -2.8374764491856732        5.1326218983777512     
  -1.7399935197428984       -2.8896292911060799        5.2991919853737413     
  -1.7499935195193810       -2.9434858963429162        5.4734456274776688     
  -1.7599935192958636       -2.9991252822330750        5.6558242917801662     
  -1.7699935190723461       -3.0566310384511683        5.8468014295435200     
  -1.7799935188488287       -3.1160916608336771        6.0468853202261581     
  -1.7899935186253113       -3.1776009151256677        6.2566222178327955     
  -1.7999935184017939       -3.2412582338570779        6.4765998371686599     
  -1.8099935181782765       -3.3071691499574980        6.7074512229375483     
  -1.8199935179547591       -3.3754457711781272        6.9498590508500477     
  -1.8299935177312416       -3.4462072999165549        7.2045604171563955     
  -1.8399935175077242       -3.5195806036453634        7.4723521814756220     
  -1.8499935172842068       -3.5957008418424041        7.7540969376846043     
  -1.8599935170606894       -3.6747121561247011        8.0507296992299402     
  -1.8699935168371720       -3.7567684312178700        8.3632653988620742     
  -1.8799935166136545       -3.8420341354711032        8.6928073188656985     
  -1.8899935163901371       -3.9306852508808321        9.0405565868614062     
  -1.8999935161666197       -4.0229103040463299        9.4078228947780005     
  -1.9099935159431023       -4.1189115111865169        9.7960366253751641     
  -1.9199935157195849       -4.2189060523459769        10.206762602634129     
  -1.9299935154960675       -4.3231274922666598        10.641715720543878     
  -1.9399935152725500       -4.4318273681692855        11.102778750674307     
  -1.9499935150490326       -4.5452769679599294        11.592022684167024     
  -1.9599935148255152       -4.6637693262567410        12.111730030541187     
  -1.9699935146019978       -4.7876214702475375        12.664421576708841     
  -1.9799935143784804       -4.9171769528997586        13.252887208230598     
  -1.9899935141549630       -5.0528087176471210        13.880221515438055     
  -1.9999935139314455       -5.1949223466182550        14.549865055104270     
  -2.0099935137079283       -5.3439597540599308        15.265652320895727     
  -2.0199935134844109       -5.5004033982295173        16.031867701941469     
  -2.0299935132608935       -5.6647810991795797        16.853310990214730     
  -2.0399935130373761       -5.8376715671573001        17.735374349266586     
  -2.0499935128138587       -6.0197107675926569        18.684133099101210     
  -2.0599935125903412       -6.2115992748811353        19.706453230864629     
  -2.0699935123668238       -6.4141107997109241        20.810119275282904     
  -2.0799935121433064       -6.6281021152754533        22.003987056790326     
  -2.0899935119197890       -6.8545246586229638        23.298167033322024     
  -2.0999935116962716       -7.0944381476259455        24.704245434131536     
  -2.1099935114727542       -7.3490266355932103        26.235552379790587     
  -2.1199935112492367       -7.6196175297389628        27.907488758043794     
  -2.1299935110257193       -7.9077042337813399        29.737927056164963     
  -2.1399935108022019       -8.2149732486933082        31.747705922749834     
  -2.1499935105786845       -8.5433367925743031        33.961244385055380     
  -2.1599935103551671       -8.8949722994851577        36.407310004796123     
  -2.1699935101316496       -9.2723705541472885        39.119986715990933     
  -2.1799935099081322       -9.6783947518472857        42.139903969929414     
  -2.1899935096846148       -10.116353494019705        45.515811065412514     
  -2.1999935094610974       -10.590091717151395        49.306612096175101     
  -2.2099935092375800       -11.104104919575121        53.584022263628952     
  -2.2199935090140626       -11.663683966967263        58.436072284719657     
  -2.2299935087905451       -12.275100479683587        63.971785131590138     
  -2.2399935085670277       -12.945846728682184        70.327495768470300     
  -2.2499935083435103       -13.684949711064446        77.675508321719605     
  -2.2599935081199929       -14.503387630945436        86.236133661466340     
  -2.2699935078964755       -15.414649992012722        96.294704713219460     
  -2.2799935076729581       -16.435502614174297        108.22606896282596     
  -2.2899935074494406       -17.587050746139479        122.53056358812324     
  -2.2999935072259232       -18.896245222625769        139.88806470811241     
  -2.3099935070024058       -20.398063176112263        161.24128588935233     
  -2.3199935067788884       -22.138744215842657        187.92792068080280     
  -2.3299935065553710       -24.180730362864168        221.89733081994143     
  -2.3399935063318535       -26.610456821578587        266.07976517538486     
  -2.3499935061083361       -29.551117044471443        325.04440134197012     
  -2.3599935058848187       -33.184547899419570        406.23654056196381     
  -2.3699935056613013       -37.790861666945148        522.45919133949417     
  -2.3799935054377839       -43.825227857553386        697.26583899668867     
  -2.3899935052142665       -52.079910533240692        977.93869370683910     
  -2.3999935049907490       -64.066858181147921        1471.2407874974488     
  -2.4099935047672316       -83.072314005070410        2462.4017497681193     
  -2.4199935045437142       -117.81473137982356        4943.5806999065717     
  -2.4299935043201968       -201.10187847951150        14549.215775801897     
  -2.4399935040966794       -608.97931634963879        155242.34259631229     
  -2.4499935038731619       -105347.09131584319        18482179164.237453     
  -2.4599935036496445       -1.6882038418101984E+024   4.0409227184891061E+053
  -2.4699935034261271       -1.1330594671787506E+197                  Infinity
  -2.4799935032026097                      -Infinity                  Infinity
  -2.4899935029790923                      -Infinity                  Infinity
  -2.4999935027555749                      -Infinity                  Infinity
  -2.5099935025320574                      -Infinity                  Infinity
  -2.5199935023085400                      -Infinity                  Infinity
  -2.5299935020850226                      -Infinity                  Infinity
  -2.5399935018615052                      -Infinity                  Infinity
  -2.5499935016379878                      -Infinity                  Infinity
  -2.5599935014144704                      -Infinity                  Infinity
  -2.5699935011909529                      -Infinity                  Infinity
  -2.5799935009674355                      -Infinity                  Infinity
  -2.5899935007439181                      -Infinity                  Infinity
  -2.5999935005204007                      -Infinity                  Infinity
  -2.6099935002968833                      -Infinity                  Infinity
  -2.6199935000733658                      -Infinity                  Infinity
  -2.6299934998498484                      -Infinity                  Infinity
  -2.6399934996263310                      -Infinity                  Infinity
  -2.6499934994028136                      -Infinity                  Infinity
  -2.6599934991792962                      -Infinity                  Infinity
  -2.6699934989557788                      -Infinity                  Infinity
  -2.6799934987322613                      -Infinity                  Infinity
  -2.6899934985087439                      -Infinity                  Infinity
  -2.6999934982852265                      -Infinity                  Infinity
  -2.7099934980617091                      -Infinity                  Infinity
  -2.7199934978381917                      -Infinity                  Infinity
  -2.7299934976146742                      -Infinity                  Infinity
  -2.7399934973911568                      -Infinity                  Infinity
  -2.7499934971676394                      -Infinity                  Infinity
  -2.7599934969441220                      -Infinity                  Infinity
  -2.7699934967206046                      -Infinity                  Infinity
  -2.7799934964970872                      -Infinity                  Infinity
  -2.7899934962735697                      -Infinity                  Infinity
  -2.7999934960500523                      -Infinity                  Infinity
  -2.8099934958265349                      -Infinity                  Infinity
  -2.8199934956030175                      -Infinity                  Infinity
  -2.8299934953795001                      -Infinity                  Infinity
  -2.8399934951559827                      -Infinity                  Infinity
  -2.8499934949324652                      -Infinity                  Infinity
  -2.8599934947089478                      -Infinity                  Infinity
  -2.8699934944854304                      -Infinity                  Infinity
  -2.8799934942619130                      -Infinity                  Infinity
  -2.8899934940383956                      -Infinity                  Infinity
  -2.8999934938148781                      -Infinity                  Infinity
  -2.9099934935913607                      -Infinity                  Infinity
  -2.9199934933678433                      -Infinity                  Infinity
  -2.9299934931443259                      -Infinity                  Infinity
  -2.9399934929208085                      -Infinity                  Infinity
  -2.9499934926972911                      -Infinity                  Infinity
  -2.9599934924737736                      -Infinity                  Infinity
  -2.9699934922502562                      -Infinity                  Infinity
  -2.9799934920267388                      -Infinity                  Infinity
  -2.9899934918032214                      -Infinity                  Infinity
  -2.9999934915797040                      -Infinity                  Infinity
  -3.0099934913561865                      -Infinity                  Infinity
  -3.0199934911326691                      -Infinity                  Infinity
  -3.0299934909091517                      -Infinity                  Infinity
  -3.0399934906856343                      -Infinity                  Infinity
  -3.0499934904621169                      -Infinity                  Infinity
  -3.0599934902385995                      -Infinity                  Infinity
  -3.0699934900150820                      -Infinity                  Infinity
  -3.0799934897915646                      -Infinity                  Infinity
  -3.0899934895680472                      -Infinity                  Infinity
  -3.0999934893445298                      -Infinity                  Infinity
  -3.1099934891210124                      -Infinity                  Infinity
  -3.1199934888974949                      -Infinity                  Infinity
  -3.1299934886739775                      -Infinity                  Infinity
  -3.1399934884504601                      -Infinity                  Infinity
  -3.1499934882269427                      -Infinity                  Infinity
  -3.1599934880034253                      -Infinity                  Infinity
  -3.1699934877799079                      -Infinity                  Infinity
  -3.1799934875563904                      -Infinity                  Infinity
  -3.1899934873328730                      -Infinity                  Infinity
  -3.1999934871093556                      -Infinity                  Infinity
  -3.2099934868858382                      -Infinity                  Infinity
  -3.2199934866623208                      -Infinity                  Infinity
  -3.2299934864388034                      -Infinity                  Infinity
  -3.2399934862152859                      -Infinity                  Infinity
  -3.2499934859917685                      -Infinity                  Infinity
  -3.2599934857682511                      -Infinity                  Infinity
  -3.2699934855447337                      -Infinity                  Infinity
  -3.2799934853212163                      -Infinity                  Infinity
  -3.2899934850976988                      -Infinity                  Infinity
  -3.2999934848741814                      -Infinity                  Infinity
  -3.3099934846506640                      -Infinity                  Infinity
  -3.3199934844271466                      -Infinity                  Infinity
  -3.3299934842036292                      -Infinity                  Infinity
  -3.3399934839801118                      -Infinity                  Infinity
  -3.3499934837565943                      -Infinity                  Infinity
  -3.3599934835330769                      -Infinity                  Infinity
  -3.3699934833095595                      -Infinity                  Infinity
  -3.3799934830860421                      -Infinity                  Infinity
  -3.3899934828625247                      -Infinity                  Infinity
  -3.3999934826390072                      -Infinity                  Infinity
  -3.4099934824154898                      -Infinity                  Infinity
  -3.4199934821919724                      -Infinity                  Infinity
  -3.4299934819684550                      -Infinity                  Infinity
  -3.4399934817449376                      -Infinity                  Infinity
  -3.4499934815214202                      -Infinity                  Infinity
  -3.4599934812979027                      -Infinity                  Infinity
  -3.4699934810743853                      -Infinity                  Infinity
  -3.4799934808508679                      -Infinity                  Infinity
  -3.4899934806273505                      -Infinity                  Infinity
  -3.4999934804038331                      -Infinity                  Infinity
  -3.5099934801803157                      -Infinity                  Infinity
  -3.5199934799567982                      -Infinity                  Infinity
  -3.5299934797332808                      -Infinity                  Infinity
  -3.5399934795097634                      -Infinity                  Infinity
  -3.5499934792862460                      -Infinity                  Infinity
  -3.5599934790627286                      -Infinity                  Infinity
  -3.5699934788392111                      -Infinity                  Infinity
  -3.5799934786156937                      -Infinity                  Infinity
  -3.5899934783921763                      -Infinity                  Infinity
  -3.5999934781686589                      -Infinity                  Infinity
  -3.6099934779451415                      -Infinity                  Infinity
  -3.6199934777216241                      -Infinity                  Infinity
  -3.6299934774981066                      -Infinity                  Infinity
  -3.6399934772745892                      -Infinity                  Infinity
  -3.6499934770510718                      -Infinity                  Infinity
  -3.6599934768275544                      -Infinity                  Infinity
  -3.6699934766040370                      -Infinity                  Infinity
  -3.6799934763805195                      -Infinity                  Infinity
  -3.6899934761570021                      -Infinity                  Infinity
  -3.6999934759334847                      -Infinity                  Infinity
  -3.7099934757099673                      -Infinity                  Infinity
  -3.7199934754864499                      -Infinity                  Infinity
  -3.7299934752629325                      -Infinity                  Infinity
  -3.7399934750394150                      -Infinity                  Infinity
  -3.7499934748158976                      -Infinity                  Infinity
  -3.7599934745923802                      -Infinity                  Infinity
  -3.7699934743688628                      -Infinity                  Infinity
  -3.7799934741453454                      -Infinity                  Infinity
  -3.7899934739218279                      -Infinity                  Infinity
  -3.7999934736983105                      -Infinity                  Infinity
  -3.8099934734747931                      -Infinity                  Infinity
  -3.8199934732512757                      -Infinity                  Infinity
  -3.8299934730277583                      -Infinity                  Infinity
  -3.8399934728042409                      -Infinity                  Infinity
  -3.8499934725807234                      -Infinity                  Infinity
  -3.8599934723572060                      -Infinity                  Infinity
  -3.8699934721336886                      -Infinity                  Infinity
  -3.8799934719101712                      -Infinity                  Infinity
  -3.8899934716866538                      -Infinity                  Infinity
  -3.8999934714631364                      -Infinity                  Infinity
  -3.9099934712396189                      -Infinity                  Infinity
  -3.9199934710161015                      -Infinity                  Infinity
  -3.9299934707925841                      -Infinity                  Infinity
  -3.9399934705690667                      -Infinity                  Infinity
  -3.9499934703455493                      -Infinity                  Infinity
  -3.9599934701220318                      -Infinity                  Infinity
  -3.9699934698985144                      -Infinity                  Infinity
  -3.9799934696749970                      -Infinity                  Infinity
  -3.9899934694514796                      -Infinity                  Infinity
  -3.9999934692279622                      -Infinity                  Infinity
  -4.0099934690044448                      -Infinity                  Infinity
  -4.0199934687809273                      -Infinity                  Infinity
  -4.0299934685574099                      -Infinity                  Infinity
  -4.0399934683338925                      -Infinity                  Infinity
  -4.0499934681103751                      -Infinity                  Infinity
  -4.0599934678868577                      -Infinity                  Infinity
  -4.0699934676633402                      -Infinity                  Infinity
  -4.0799934674398228                      -Infinity                  Infinity
  -4.0899934672163054                      -Infinity                  Infinity
  -4.0999934669927880                      -Infinity                  Infinity
  -4.1099934667692706                      -Infinity                  Infinity
  -4.1199934665457532                      -Infinity                  Infinity
  -4.1299934663222357                      -Infinity                  Infinity
  -4.1399934660987183                      -Infinity                  Infinity
  -4.1499934658752009                      -Infinity                  Infinity
  -4.1599934656516835                      -Infinity                  Infinity
  -4.1699934654281661                      -Infinity                  Infinity
  -4.1799934652046487                      -Infinity                  Infinity
  -4.1899934649811312                      -Infinity                  Infinity
  -4.1999934647576138                      -Infinity                  Infinity
  -4.2099934645340964                      -Infinity                  Infinity
  -4.2199934643105790                      -Infinity                  Infinity
  -4.2299934640870616                      -Infinity                  Infinity
  -4.2399934638635441                      -Infinity                  Infinity
  -4.2499934636400267                      -Infinity                  Infinity
  -4.2599934634165093                      -Infinity                  Infinity
  -4.2699934631929919                      -Infinity                  Infinity
  -4.2799934629694745                      -Infinity                  Infinity
  -4.2899934627459571                      -Infinity                  Infinity
  -4.2999934625224396                      -Infinity                  Infinity
  -4.3099934622989222                      -Infinity                  Infinity
  -4.3199934620754048                      -Infinity                  Infinity
  -4.3299934618518874                      -Infinity                  Infinity
  -4.3399934616283700                      -Infinity                  Infinity
  -4.3499934614048525                      -Infinity                  Infinity
  -4.3599934611813351                      -Infinity                  Infinity
  -4.3699934609578177                      -Infinity                  Infinity
  -4.3799934607343003                      -Infinity                  Infinity
  -4.3899934605107829                      -Infinity                  Infinity
  -4.3999934602872655                      -Infinity                  Infinity
  -4.4099934600637480                      -Infinity                  Infinity
  -4.4199934598402306                      -Infinity                  Infinity
  -4.4299934596167132                      -Infinity                  Infinity
  -4.4399934593931958                      -Infinity                  Infinity
  -4.4499934591696784                      -Infinity                  Infinity
  -4.4599934589461609                      -Infinity                  Infinity
  -4.4699934587226435                      -Infinity                  Infinity
  -4.4799934584991261                      -Infinity                  Infinity
  -4.4899934582756087                      -Infinity                  Infinity
  -4.4999934580520913                      -Infinity                  Infinity
  -4.5099934578285739                      -Infinity                  Infinity
  -4.5199934576050564                      -Infinity                  Infinity
  -4.5299934573815390                      -Infinity                  Infinity
  -4.5399934571580216                      -Infinity                  Infinity
  -4.5499934569345042                      -Infinity                  Infinity
  -4.5599934567109868                      -Infinity                  Infinity
  -4.5699934564874694                      -Infinity                  Infinity
  -4.5799934562639519                      -Infinity                  Infinity
  -4.5899934560404345                      -Infinity                  Infinity
  -4.5999934558169171                      -Infinity                  Infinity
  -4.6099934555933997                      -Infinity                  Infinity
  -4.6199934553698823                      -Infinity                  Infinity
  -4.6299934551463648                      -Infinity                  Infinity
  -4.6399934549228474                      -Infinity                  Infinity
  -4.6499934546993300                      -Infinity                  Infinity
  -4.6599934544758126                      -Infinity                  Infinity
  -4.6699934542522952                      -Infinity                  Infinity
  -4.6799934540287778                      -Infinity                  Infinity
  -4.6899934538052603                      -Infinity                  Infinity
  -4.6999934535817429                      -Infinity                  Infinity
  -4.7099934533582255                      -Infinity                  Infinity
  -4.7199934531347081                      -Infinity                  Infinity
