T	avM
3.5	     1.283 	     2.963 	     1.843 	   -11.787 	     1.033 	     9.063 	     1.960 	     3.790 	    -2.390 	    -4.270 	   -20.393 	    -5.063 	     8.683 	    10.367 	     4.420 	     0.967 	     0.053 	    -3.373 	   -10.643 	     9.013 	
3.4	   -11.450 	     2.700 	     5.230 	    -1.277 	     6.593 	     8.280 	    -0.557 	     2.977 	    -5.560 	   -12.900 	   -12.210 	    -1.697 	    -9.990 	     1.873 	    -7.843 	     4.357 	     6.047 	    -0.107 	   -11.277 	    -3.140 	
3.3	     7.377 	    10.173 	     0.450 	    -7.877 	     3.220 	     1.933 	     4.013 	     4.057 	     0.240 	   -11.977 	     6.920 	    -5.777 	    -9.673 	     4.073 	    -4.593 	     4.463 	    -3.273 	     7.400 	    16.580 	     1.600 	
3.2	    -2.767 	    16.690 	   -18.867 	    -4.657 	    -5.737 	    -5.220 	    -9.710 	    14.973 	    -1.537 	    -8.280 	     2.480 	    -1.113 	    13.517 	    -6.103 	   -12.067 	     0.820 	   -11.197 	    11.030 	     8.147 	    -1.757 	
3.1	     7.160 	     7.487 	     8.847 	    -0.563 	     9.757 	     4.190 	    23.467 	     8.103 	   -14.317 	     1.380 	     2.367 	     8.847 	    -9.720 	    12.057 	    11.907 	    -0.440 	    21.630 	    -2.733 	     4.767 	    -2.030 	
3.0	    -8.097 	   -17.203 	     2.950 	    -3.680 	    -0.550 	    -5.823 	    -5.533 	    -2.003 	   -16.160 	    22.627 	    -3.683 	     6.843 	    19.937 	   -13.563 	     0.087 	     7.980 	     9.867 	    -4.593 	   -16.570 	     5.603 	
2.9	   -12.323 	   -22.433 	    -9.153 	    -7.517 	     4.310 	   -13.927 	     0.963 	    14.887 	    -3.530 	     3.427 	    21.063 	    -9.243 	    -4.227 	     8.473 	    -4.027 	    16.493 	    20.683 	     3.167 	    -1.430 	    -9.110 	
2.8	    17.010 	   -19.853 	    -8.307 	    26.457 	   -14.610 	   -22.420 	   -15.603 	   -16.040 	    10.883 	     2.080 	     4.337 	   -31.503 	     0.607 	     4.923 	    19.783 	    -1.070 	    28.107 	     8.350 	    -2.350 	   -29.067 	
2.7	     4.633 	    10.617 	     4.043 	    -0.220 	    15.863 	   -22.767 	   -13.020 	     7.020 	    40.110 	     8.500 	    -5.633 	    18.657 	    -6.777 	    15.767 	   -34.957 	     3.183 	     1.807 	   -28.533 	   -11.950 	   -29.530 	
2.6	     6.650 	    26.503 	    -8.157 	    28.580 	   -10.277 	   -20.397 	   -35.753 	   -13.253 	    18.950 	   -14.093 	    12.813 	    20.423 	   -28.470 	    -7.613 	     7.287 	    20.930 	   -20.210 	    14.850 	   -26.523 	    -4.897 	
2.5	     4.113 	    76.257 	    46.607 	    -4.397 	   111.900 	    69.063 	    16.297 	    18.233 	    23.437 	   -66.523 	    -9.750 	    72.000 	   -63.597 	    26.487 	  -100.587 	    90.487 	     5.953 	     0.663 	    21.173 	     0.533 	
2.4	  -216.900 	   144.930 	   143.837 	   -55.813 	  -203.493 	   106.023 	   114.980 	   -80.767 	    -2.600 	   317.150 	   -69.350 	   -74.480 	   248.927 	   408.847 	    84.260 	    69.537 	    92.593 	  -115.847 	  -250.017 	   -39.833 	
2.3	 -1065.530 	  1827.123 	 -1198.467 	  1736.693 	   605.687 	  1185.573 	 -1428.763 	 -1007.883 	   725.083 	   -54.893 	 -1824.847 	 -1506.650 	   709.717 	  1436.167 	  -599.827 	 -1998.833 	  1581.390 	 -1238.473 	   518.500 	  1581.263 	
2.2	 -2865.663 	  2796.143 	 -2833.817 	  2857.073 	 -2788.097 	 -2840.170 	 -2817.607 	  2847.873 	  2816.970 	  2855.193 	 -2834.937 	  2854.020 	  2846.197 	  2820.737 	 -2815.383 	 -2820.870 	  2824.887 	 -2851.133 	  2835.990 	  2817.640 	
2.1	 -3131.370 	  3129.917 	 -3131.780 	  3135.393 	 -3129.733 	 -3126.497 	 -3123.447 	  3129.433 	  3126.430 	  3132.227 	 -3127.540 	  3126.087 	  3131.907 	  3130.210 	 -3129.433 	 -3129.703 	  3135.227 	 -3126.987 	  3121.503 	  3124.143 	
2.0	 -3280.007 	  3280.800 	 -3280.883 	  3280.273 	 -3277.887 	 -3274.480 	 -3278.310 	  3280.200 	  3283.637 	  3280.140 	 -3280.373 	  3281.367 	  3284.123 	  3282.310 	 -3284.640 	 -3280.707 	  3274.907 	 -3275.463 	  3278.793 	  3280.170 	
1.9	 -3378.483 	  3378.063 	 -3377.953 	  3379.467 	 -3378.763 	 -3375.673 	 -3380.003 	  3379.583 	  3376.763 	  3376.970 	 -3378.150 	  3377.550 	  3377.323 	  3376.773 	 -3378.767 	 -3377.707 	  3375.983 	 -3377.647 	  3375.607 	  3379.137 	
1.8	 -3446.033 	  3445.537 	 -3444.100 	  3445.800 	 -3445.390 	 -3445.677 	 -3445.910 	  3444.237 	  3446.770 	  3444.493 	 -3446.063 	  3445.270 	  3444.933 	  3443.350 	 -3445.880 	 -3444.423 	  3445.543 	 -3443.963 	  3445.643 	  3443.723 	
1.7	 -3492.423 	  3491.213 	 -3491.727 	  3493.617 	 -3491.907 	 -3491.867 	 -3492.387 	  3492.500 	  3491.700 	  3493.300 	 -3493.447 	  3491.770 	  3492.397 	  3492.840 	 -3493.773 	 -3491.643 	  3491.440 	 -3491.527 	  3492.790 	  3491.487 	
1.6	 -3526.403 	  3526.073 	 -3526.860 	  3526.437 	 -3525.963 	 -3526.627 	 -3526.710 	  3527.187 	  3527.413 	  3526.727 	 -3527.643 	  3527.490 	  3526.287 	  3526.167 	 -3527.013 	 -3525.577 	  3526.410 	 -3526.693 	  3526.280 	  3526.040 	
1.5	 -3551.180 	  3551.097 	 -3551.453 	  3551.643 	 -3551.967 	 -3551.097 	 -3551.190 	  3552.023 	  3551.913 	  3551.880 	 -3550.697 	  3550.983 	  3550.440 	  3550.687 	 -3551.857 	 -3551.737 	  3551.023 	 -3552.147 	  3551.420 	  3551.563 	
1.6	 -3526.517 	  3526.367 	 -3527.397 	  3527.157 	 -3526.393 	 -3526.300 	 -3525.837 	  3526.797 	  3526.437 	  3526.367 	 -3527.033 	  3527.147 	  3526.697 	  3526.217 	 -3527.747 	 -3525.770 	  3526.153 	 -3526.923 	  3527.050 	  3526.043 	
1.7	 -3491.843 	  3493.363 	 -3491.443 	  3493.343 	 -3492.607 	 -3492.550 	 -3492.643 	  3492.147 	  3491.433 	  3491.910 	 -3490.750 	  3492.737 	  3492.717 	  3492.263 	 -3490.827 	 -3490.710 	  3492.000 	 -3491.370 	  3492.437 	  3492.640 	
1.8	 -3442.653 	  3444.573 	 -3443.237 	  3445.837 	 -3444.513 	 -3443.443 	 -3443.697 	  3444.337 	  3444.780 	  3444.783 	 -3444.187 	  3446.397 	  3444.093 	  3444.913 	 -3445.503 	 -3445.140 	  3446.737 	 -3443.740 	  3445.887 	  3444.160 	
1.9	 -3378.437 	  3380.400 	 -3377.400 	  3376.423 	 -3378.303 	 -3377.030 	 -3379.687 	  3378.513 	  3376.873 	  3378.100 	 -3377.693 	  3378.120 	  3379.417 	  3376.130 	 -3376.783 	 -3378.590 	  3377.843 	 -3380.767 	  3378.727 	  3376.453 	
2.0	 -3282.987 	  3281.370 	 -3284.397 	  3283.437 	 -3278.080 	 -3277.667 	 -3278.430 	  3281.257 	  3280.640 	  3276.773 	 -3279.597 	  3282.710 	  3278.520 	  3276.933 	 -3280.603 	 -3277.717 	  3280.607 	 -3281.613 	  3279.990 	  3280.717 	
2.1	 -3130.253 	  3126.110 	 -3123.830 	  3133.007 	 -3121.397 	 -3128.833 	 -3127.720 	  3125.520 	  3128.113 	  3122.040 	 -3128.707 	  3127.023 	  3131.850 	  3126.970 	 -3119.227 	 -3123.620 	  3129.920 	 -3121.790 	  3130.210 	  3118.093 	
2.2	 -2847.417 	  2825.187 	 -2832.090 	  2804.447 	 -2779.923 	 -2818.713 	 -2830.750 	  2844.323 	  2816.577 	  2434.010 	 -2793.853 	  2831.870 	  2835.503 	  2840.930 	 -2839.777 	 -2825.877 	  2842.160 	 -2820.380 	  2851.450 	  2845.423 	
2.3	  -164.930 	  1661.373 	 -1696.027 	  1603.857 	  -904.107 	  1747.817 	   467.433 	  1975.633 	   694.617 	   936.960 	 -1765.943 	  -227.017 	  1721.423 	  1567.930 	   125.033 	  -331.333 	  1835.550 	   468.737 	   244.420 	   -10.897 	
2.4	    56.510 	   -68.380 	    81.783 	    12.320 	   -64.557 	   206.877 	   -42.913 	   200.437 	  -103.497 	  -135.030 	    91.730 	    92.443 	   -91.903 	  -207.433 	    73.193 	  -188.590 	   102.467 	   430.803 	   -10.227 	   -34.983 	
2.5	    11.210 	   -29.103 	    45.553 	   -97.687 	   -13.807 	    36.940 	    90.217 	  -113.677 	   -29.810 	   -40.727 	   -83.917 	    46.293 	    64.377 	   -73.057 	   -85.920 	    34.660 	    83.777 	   111.973 	    41.867 	   -14.257 	
2.6	   -16.633 	   -24.100 	    34.670 	    -0.960 	    35.763 	   -19.173 	   -18.320 	     3.227 	   -43.243 	    34.260 	   -30.650 	   -32.967 	     5.117 	   -24.627 	   -48.360 	   -42.853 	   -12.140 	    23.993 	     5.703 	   -17.170 	
2.7	    23.373 	    16.657 	    38.080 	   -18.280 	   -25.093 	   -13.470 	    24.837 	    11.677 	    11.497 	     5.993 	    33.160 	    -8.577 	   -12.697 	   -15.833 	    21.947 	   -17.583 	   -10.447 	    11.400 	    26.157 	    14.883 	
2.8	    23.483 	    -0.967 	     7.340 	   -40.953 	    11.450 	     5.810 	   -15.403 	     5.203 	    13.720 	     5.367 	   -16.890 	    10.363 	   -10.153 	    -9.920 	    -0.703 	    14.873 	     7.197 	    -8.870 	    -5.500 	     6.587 	
2.9	    -4.103 	     2.157 	     8.080 	     3.553 	   -11.050 	     2.980 	    -2.490 	    -1.353 	    -0.547 	     8.053 	     2.747 	    13.137 	     4.207 	    -1.477 	    -8.570 	     6.150 	    -4.233 	    10.030 	     9.510 	     5.870 	
3.0	   -12.000 	   -16.533 	   -19.297 	     0.260 	   -14.393 	     2.893 	    -5.230 	    -5.223 	    -4.323 	     2.530 	    -8.323 	    -8.007 	     2.690 	    13.643 	     1.620 	    -0.287 	    10.073 	     2.287 	     5.047 	    -0.807 	
3.1	    11.837 	    -3.430 	    15.060 	    -6.400 	    -2.050 	     0.883 	    -2.233 	    -5.987 	    -7.987 	   -10.717 	    -3.453 	     8.380 	     2.497 	    -7.487 	    -9.050 	    -9.543 	    10.243 	    -8.513 	     1.423 	     5.430 	
3.2	     5.223 	    -5.080 	     0.253 	    13.677 	    -0.487 	     1.887 	   -24.363 	     2.447 	     0.643 	    -3.123 	    -4.887 	     5.057 	    -5.547 	    -1.410 	     1.880 	     3.367 	    11.703 	    -7.693 	    -6.300 	    -2.440 	
3.3	    -0.063 	     1.243 	     3.357 	    -2.737 	     7.180 	    -6.887 	    10.463 	    11.510 	    10.953 	     7.673 	     2.157 	     3.770 	    -2.213 	    -0.360 	     4.333 	    -2.700 	     0.480 	   -14.833 	     1.300 	    -6.037 	
3.4	     7.273 	    14.617 	     2.250 	    -5.307 	     9.270 	    -0.097 	     0.903 	     7.607 	    -8.720 	    -2.867 	    -6.870 	     4.137 	     5.603 	    12.677 	     5.093 	     0.987 	    -7.430 	    -5.697 	    -4.953 	    -1.577 	
3.5	     5.663 	     5.400 	     2.227 	    -6.200 	    -6.390 	    -9.233 	     1.393 	     8.253 	    -5.610 	     6.520 	    -1.120 	     4.997 	     9.423 	    -1.433 	     5.853 	    10.043 	    -2.423 	     9.467 	    -3.490 	    -1.527 	