T	Cv
3.5	   909.482 	   927.167 	   771.289 	   867.358 	   887.617 	   890.689 	   869.910 	   962.552 	   956.730 	   824.350 	   851.880 	   844.459 	   847.960 	   828.902 	   861.715 	   924.681 	   865.821 	   912.227 	   949.886 	   944.856 	
3.4	   993.151 	  1021.325 	  1023.172 	  1012.811 	  1081.351 	   882.286 	   988.008 	  1044.045 	  1023.338 	   966.707 	   982.635 	   956.247 	   980.362 	   830.248 	   918.179 	   964.161 	   995.896 	   948.113 	   966.884 	   900.267 	
3.3	  1060.477 	  1152.229 	  1066.585 	  1090.304 	  1145.822 	  1021.060 	  1109.380 	  1009.455 	  1091.898 	  1152.185 	   998.819 	  1139.369 	  1125.928 	  1011.065 	  1052.125 	  1136.496 	  1031.963 	  1048.424 	  1121.342 	  1053.520 	
3.2	  1183.072 	  1066.711 	  1274.359 	  1245.157 	  1096.393 	  1167.778 	  1199.610 	  1169.999 	  1231.197 	  1221.850 	  1114.181 	  1181.783 	  1219.448 	  1156.349 	  1130.082 	  1103.637 	  1258.550 	  1121.903 	  1031.540 	  1189.308 	
3.1	  1302.115 	  1171.226 	  1256.127 	  1322.550 	  1309.188 	  1287.070 	  1264.703 	  1324.276 	  1241.704 	  1346.616 	  1357.523 	  1277.878 	  1381.645 	  1282.806 	  1318.614 	  1403.156 	  1367.242 	  1334.032 	  1373.430 	  1290.773 	
3.0	  1355.188 	  1356.961 	  1517.785 	  1534.275 	  1427.202 	  1464.729 	  1425.632 	  1516.445 	  1531.932 	  1390.534 	  1385.909 	  1536.745 	  1545.993 	  1416.064 	  1631.140 	  1395.537 	  1528.329 	  1451.118 	  1632.946 	  1354.506 	
2.9	  1601.730 	  1607.876 	  1596.457 	  1610.429 	  1638.737 	  1681.720 	  1486.903 	  1688.737 	  1700.025 	  1783.335 	  1516.148 	  1616.152 	  1746.133 	  1457.402 	  1521.347 	  1779.790 	  1713.003 	  1498.522 	  1607.032 	  1531.281 	
2.8	  1717.409 	  1772.392 	  1837.844 	  1938.417 	  1809.338 	  1798.681 	  1828.441 	  1693.684 	  1887.730 	  1903.590 	  1814.009 	  1741.332 	  1786.572 	  1931.478 	  1867.084 	  1888.364 	  1811.061 	  1860.790 	  1955.808 	  1922.925 	
2.7	  2261.925 	  2246.034 	  2142.370 	  2274.251 	  1901.054 	  1990.438 	  2200.807 	  2074.795 	  1923.647 	  2267.443 	  2307.081 	  2168.534 	  2129.606 	  2293.273 	  2035.599 	  2096.491 	  1946.549 	  1962.710 	  1983.512 	  2172.634 	
2.6	  2472.587 	  2624.754 	  2586.586 	  2487.465 	  2641.626 	  2424.001 	  2607.738 	  2403.266 	  2692.158 	  2408.130 	  2562.333 	  2603.285 	  2667.429 	  2633.129 	  2538.965 	  2415.657 	  2276.434 	  2758.852 	  2472.877 	  2400.581 	
2.5	  3085.514 	  3523.412 	  3168.389 	  3226.740 	  3219.128 	  2918.463 	  3202.399 	  3142.821 	  3078.169 	  3166.216 	  3117.300 	  3045.644 	  3402.175 	  2840.671 	  3249.469 	  3222.628 	  2868.454 	  2783.945 	  3097.693 	  3282.593 	
2.4	  4437.425 	  3739.779 	  3974.655 	  4103.287 	  3823.483 	  3906.016 	  3821.725 	  3912.549 	  3780.113 	  4213.130 	  4348.513 	  3995.800 	  3538.435 	  3981.742 	  4229.969 	  4638.907 	  4258.151 	  3888.421 	  3758.061 	  3983.740 	
2.3	  6477.001 	  6877.672 	  8068.835 	  7215.154 	  8221.675 	  5915.110 	  8090.251 	  7231.054 	  6721.311 	  7253.930 	  7246.274 	  7200.269 	  7556.535 	  7713.189 	  6947.841 	  6426.747 	  7418.898 	  6625.658 	  7575.489 	  7110.985 	
2.2	  4453.768 	  6060.570 	  4590.204 	  4534.563 	  6090.661 	  5410.010 	  4871.448 	  4546.343 	  4987.738 	  4662.458 	  5290.332 	  5206.669 	  4900.103 	  5268.606 	  5514.457 	  5222.195 	  5328.330 	  5259.627 	  4783.012 	  5467.987 	
2.1	  3421.688 	  3299.559 	  3222.246 	  3552.973 	  3511.175 	  3339.104 	  3508.518 	  3405.272 	  3400.737 	  3765.791 	  3060.566 	  3353.458 	  3395.358 	  3244.147 	  3379.351 	  3433.180 	  3600.765 	  3309.247 	  3374.452 	  3374.900 	
2.0	  2569.239 	  2613.833 	  2653.620 	  2391.455 	  2482.280 	  2843.954 	  2529.687 	  2733.990 	  2648.266 	  2513.397 	  2519.666 	  2563.979 	  2685.973 	  2891.221 	  2718.816 	  2679.876 	  2311.417 	  2451.438 	  2715.787 	  2457.038 	
1.9	  2283.417 	  2023.164 	  2304.016 	  2100.505 	  2115.554 	  2090.608 	  2014.001 	  1975.703 	  2043.760 	  1890.006 	  1802.452 	  2136.899 	  2170.666 	  1922.688 	  2218.153 	  2070.508 	  2210.097 	  2038.416 	  1985.197 	  1935.552 	
1.8	  1559.070 	  1383.331 	  1458.221 	  1629.603 	  1555.676 	  1551.990 	  1584.515 	  1399.121 	  1513.350 	  1565.336 	  1639.588 	  1561.300 	  1387.661 	  1714.367 	  1558.314 	  1498.505 	  1782.618 	  1455.348 	  1645.703 	  1667.287 	
1.7	  1275.065 	  1203.229 	  1225.821 	  1161.178 	  1268.358 	  1253.873 	  1226.777 	  1206.785 	  1116.061 	  1126.410 	  1163.349 	  1228.320 	  1185.737 	  1335.430 	  1145.739 	  1334.653 	  1275.227 	  1201.104 	  1359.973 	  1271.249 	
1.6	   957.323 	  1003.129 	   843.001 	   906.408 	   970.583 	   861.920 	   896.868 	   909.716 	   891.759 	  1040.667 	   848.619 	  1039.443 	   809.617 	   977.662 	   888.132 	   969.010 	   880.790 	  1029.876 	   952.374 	   884.512 	
1.5	   720.341 	   692.520 	   666.098 	   642.408 	   694.236 	   785.043 	   735.161 	   686.987 	   722.857 	   717.686 	   769.363 	   723.639 	   729.856 	   701.009 	   645.532 	   692.037 	   709.543 	   734.795 	   671.844 	   660.143 	
1.6	   929.600 	   876.821 	   982.787 	   925.881 	   869.248 	  1014.891 	   920.840 	   923.789 	   907.906 	  1026.040 	   989.614 	   959.035 	   991.621 	   831.335 	   857.260 	   890.140 	   992.333 	   868.075 	   935.413 	  1021.520 	
1.7	  1090.121 	  1120.517 	  1192.693 	  1292.460 	  1267.689 	  1371.237 	  1318.182 	  1271.454 	  1131.091 	  1258.602 	  1236.741 	  1147.902 	  1262.100 	  1301.200 	  1251.058 	  1283.211 	  1178.346 	  1277.359 	  1275.134 	  1209.709 	
1.8	  1592.542 	  1766.683 	  1591.460 	  1779.060 	  1685.672 	  1566.116 	  1707.192 	  1662.020 	  1407.040 	  1532.709 	  1462.187 	  1546.683 	  1507.951 	  1676.586 	  1437.112 	  1694.623 	  1453.761 	  1552.955 	  1562.486 	  1510.286 	
1.9	  1936.612 	  1750.622 	  1915.446 	  1884.633 	  2039.889 	  2189.924 	  1883.341 	  2248.228 	  1949.736 	  1854.615 	  2022.880 	  2013.262 	  1842.287 	  2144.490 	  2177.572 	  2101.327 	  2100.189 	  2010.606 	  2022.141 	  2230.711 	
2.0	  2872.109 	  2494.521 	  2867.240 	  2689.266 	  2745.181 	  2696.791 	  2318.399 	  2528.229 	  2502.499 	  2637.712 	  2388.717 	  2707.030 	  2332.253 	  2408.239 	  2527.479 	  2539.896 	  2662.146 	  2563.133 	  2699.589 	  2686.602 	
2.1	  3390.387 	  3316.650 	  3373.301 	  3392.814 	  3356.204 	  3380.978 	  3678.411 	  3457.488 	  3284.460 	  3395.178 	  3512.549 	  3478.007 	  3583.455 	  3257.051 	  3700.392 	  3413.227 	  3123.870 	  3264.956 	  3308.193 	  3647.089 	
2.2	  4932.094 	  4997.107 	  4948.166 	  5271.770 	  6071.989 	  5762.077 	  4840.585 	  4872.245 	  4865.860 	  8018.523 	  4991.272 	  4709.096 	  4809.255 	  4981.864 	  5102.406 	  5049.951 	  4917.855 	  4577.240 	  4750.999 	  4784.139 	
2.3	  8018.015 	  7888.539 	  8105.979 	  7684.098 	  7570.867 	  7002.180 	  7689.494 	  6311.677 	  6968.399 	  8279.986 	  6579.075 	  7378.374 	  6525.857 	  7885.430 	  9113.496 	  7677.405 	  7167.183 	  6540.540 	  8454.319 	  6551.122 	
2.4	  4451.797 	  4517.350 	  4206.872 	  4056.904 	  4510.092 	  4084.646 	  4065.467 	  3716.731 	  3881.603 	  4023.426 	  3906.751 	  4115.570 	  4051.692 	  4387.789 	  4208.508 	  4619.812 	  3936.739 	  4569.201 	  3815.245 	  3624.910 	
2.5	  2878.704 	  2677.065 	  2739.977 	  2986.492 	  3401.624 	  3034.206 	  2927.438 	  3006.019 	  3003.306 	  3060.272 	  3090.408 	  3072.545 	  2948.081 	  2973.283 	  3187.191 	  2955.043 	  3245.858 	  3177.701 	  2959.586 	  2790.906 	
2.6	  2479.509 	  2544.792 	  2408.337 	  2594.213 	  2413.056 	  2786.861 	  2713.002 	  2560.843 	  2503.978 	  2583.231 	  2660.201 	  2309.140 	  2431.301 	  2723.535 	  2600.612 	  2341.523 	  2523.926 	  2578.166 	  2413.465 	  2663.858 	
2.7	  2180.462 	  2189.120 	  2072.368 	  1977.322 	  2087.062 	  2023.450 	  2171.360 	  1991.391 	  2086.162 	  2126.872 	  2318.946 	  2197.032 	  2116.443 	  2024.305 	  2392.757 	  2104.754 	  1917.905 	  2294.428 	  1816.033 	  2202.501 	
2.8	  1950.980 	  1825.874 	  1584.819 	  1691.204 	  1746.852 	  1889.312 	  1791.937 	  1750.721 	  2002.932 	  1986.352 	  1838.981 	  1835.523 	  1844.438 	  1861.231 	  1799.686 	  1991.200 	  1748.235 	  1812.406 	  2139.785 	  1822.076 	
2.9	  1748.044 	  1696.383 	  1562.481 	  1829.045 	  1666.174 	  1553.781 	  1679.408 	  1473.068 	  1701.134 	  1693.484 	  1519.634 	  1555.404 	  1647.583 	  1652.733 	  1634.239 	  1600.300 	  1650.555 	  1658.061 	  1552.828 	  1728.268 	
3.0	  1437.914 	  1427.440 	  1467.808 	  1515.089 	  1373.206 	  1401.621 	  1455.909 	  1340.457 	  1492.898 	  1463.976 	  1550.206 	  1298.975 	  1443.986 	  1482.268 	  1404.430 	  1450.115 	  1523.282 	  1393.919 	  1411.309 	  1434.859 	
3.1	  1180.906 	  1372.843 	  1284.210 	  1365.282 	  1297.722 	  1210.567 	  1175.981 	  1475.678 	  1260.999 	  1221.758 	  1396.161 	  1195.510 	  1317.687 	  1389.558 	  1305.140 	  1179.669 	  1264.616 	  1274.542 	  1200.529 	  1234.068 	
3.2	  1068.589 	  1136.340 	  1202.188 	  1164.442 	  1047.796 	  1182.970 	  1099.036 	  1024.748 	  1136.455 	  1282.470 	  1114.791 	  1111.965 	  1247.426 	  1231.717 	  1122.036 	  1220.677 	  1208.636 	  1291.444 	  1164.468 	  1230.866 	
3.3	  1078.926 	   959.543 	  1116.527 	  1109.671 	   970.500 	  1146.965 	  1149.618 	  1079.332 	   981.207 	  1049.695 	  1109.660 	   881.935 	  1069.055 	   941.972 	   973.278 	   994.386 	  1184.279 	  1175.255 	  1058.799 	   961.901 	
3.4	   980.720 	   855.878 	   853.246 	  1004.730 	   940.978 	   981.047 	  1099.129 	  1007.451 	   893.274 	   869.233 	   911.991 	   932.354 	   911.303 	   980.588 	   957.841 	   929.913 	   827.845 	  1045.912 	  1018.117 	  1010.974 	
3.5	   881.667 	   839.894 	   912.447 	   936.803 	  1046.534 	   923.157 	   833.514 	   929.767 	   913.262 	   940.235 	   897.211 	   906.059 	   960.751 	   881.905 	   884.370 	   897.898 	   872.411 	   904.712 	   951.695 	   932.890 	