T	varE
3.5	 11141.157 	 11357.801 	  9448.293 	 10625.141 	 10873.312 	 10910.942 	 10656.393 	 11791.267 	 11719.942 	 10098.288 	 10435.534 	 10344.626 	 10387.510 	 10154.052 	 10556.008 	 11327.346 	 10606.302 	 11174.784 	 11636.102 	 11574.482 	
3.4	 11480.828 	 11806.519 	 11827.863 	 11708.100 	 12500.423 	 10199.227 	 11421.370 	 12069.160 	 11829.783 	 11175.135 	 11359.258 	 11054.210 	 11332.979 	  9597.670 	 10614.144 	 11145.706 	 11512.558 	 10960.187 	 11177.178 	 10407.089 	
3.3	 11548.599 	 12547.779 	 11615.115 	 11873.416 	 12478.000 	 11119.341 	 12081.150 	 10992.968 	 11890.773 	 12547.295 	 10877.143 	 12407.733 	 12261.360 	 11010.500 	 11457.644 	 12376.446 	 11238.080 	 11417.333 	 12211.413 	 11472.828 	
3.2	 12114.662 	 10923.119 	 13049.440 	 12750.403 	 11227.063 	 11958.047 	 12284.002 	 11980.792 	 12607.456 	 12511.744 	 11409.217 	 12101.454 	 12487.147 	 11841.011 	 11572.036 	 11301.248 	 12887.550 	 11488.288 	 10562.972 	 12178.517 	
3.1	 12513.329 	 11255.480 	 12071.381 	 12709.707 	 12581.301 	 12368.738 	 12153.792 	 12726.295 	 11932.773 	 12940.979 	 13045.795 	 12280.405 	 13277.610 	 12327.768 	 12671.882 	 13484.333 	 13139.198 	 12820.052 	 13198.663 	 12404.328 	
3.0	 12196.692 	 12212.645 	 13660.061 	 13808.476 	 12844.821 	 13182.565 	 12830.685 	 13648.009 	 13787.386 	 12514.805 	 12473.182 	 13830.702 	 13913.941 	 12744.573 	 14680.258 	 12559.830 	 13754.965 	 13060.063 	 14696.518 	 12190.558 	
2.9	 13470.550 	 13522.238 	 13426.202 	 13543.704 	 13781.777 	 14143.264 	 12504.855 	 14202.276 	 14297.208 	 14997.845 	 12750.803 	 13591.840 	 14684.978 	 12256.750 	 12794.532 	 14968.032 	 14406.357 	 12602.570 	 13515.138 	 12878.071 	
2.8	 13464.490 	 13895.556 	 14408.699 	 15197.189 	 14185.207 	 14101.659 	 14334.974 	 13278.482 	 14799.806 	 14924.142 	 14221.828 	 13652.043 	 14006.728 	 15142.787 	 14637.936 	 14804.776 	 14198.720 	 14588.597 	 15333.538 	 15075.729 	
2.7	 16489.435 	 16373.587 	 15617.875 	 16579.289 	 13858.685 	 14510.293 	 16043.882 	 15125.252 	 14023.386 	 16529.658 	 16818.624 	 15808.610 	 15524.830 	 16717.963 	 14839.519 	 15283.416 	 14190.342 	 14308.159 	 14459.800 	 15838.505 	
2.6	 16714.687 	 17743.339 	 17485.323 	 16815.264 	 17857.394 	 16386.250 	 17628.306 	 16246.079 	 18198.985 	 16278.959 	 17321.369 	 17598.205 	 18031.822 	 17799.950 	 17163.400 	 16329.843 	 15388.693 	 18649.839 	 16716.645 	 16227.925 	
2.5	 19284.461 	 22021.325 	 19802.429 	 20167.127 	 20119.549 	 18240.392 	 20014.992 	 19642.631 	 19238.558 	 19788.852 	 19483.125 	 19035.272 	 21263.595 	 17754.193 	 20309.184 	 20141.422 	 17927.840 	 17399.656 	 19360.579 	 20516.209 	
2.4	 25559.569 	 21541.128 	 22894.013 	 23634.935 	 22023.261 	 22498.653 	 22013.133 	 22536.279 	 21773.453 	 24267.627 	 25047.437 	 23015.807 	 20381.384 	 22934.834 	 24364.623 	 26720.102 	 24526.949 	 22397.306 	 21646.431 	 22946.343 	
2.3	 34263.334 	 36382.884 	 42684.137 	 38168.163 	 43492.661 	 31290.929 	 42797.425 	 38252.274 	 35555.735 	 38373.288 	 38332.791 	 38089.423 	 39974.069 	 40802.769 	 36754.080 	 33997.492 	 39245.969 	 35049.731 	 40074.336 	 37617.108 	
2.2	 21556.239 	 29333.157 	 22216.586 	 21947.285 	 29478.796 	 26184.450 	 23577.806 	 22004.298 	 24140.650 	 22566.295 	 25605.205 	 25200.279 	 23716.496 	 25500.053 	 26689.973 	 25275.422 	 25789.116 	 25456.592 	 23149.779 	 26465.056 	
2.1	 15089.646 	 14551.053 	 14210.103 	 15668.610 	 15484.280 	 14725.448 	 15472.565 	 15017.250 	 14997.250 	 16607.139 	 13497.096 	 14788.750 	 14973.529 	 14306.686 	 14902.936 	 15140.324 	 15879.373 	 14593.777 	 14881.333 	 14883.307 	
2.0	 10276.957 	 10455.330 	 10614.482 	  9565.821 	  9929.120 	 11375.815 	 10118.749 	 10935.959 	 10593.066 	 10053.589 	 10078.664 	 10255.916 	 10743.892 	 11564.885 	 10875.264 	 10719.502 	  9245.667 	  9805.750 	 10863.147 	  9828.150 	
1.9	  8243.137 	  7303.623 	  8317.499 	  7582.822 	  7637.148 	  7547.093 	  7270.544 	  7132.288 	  7377.972 	  6822.920 	  6506.852 	  7714.206 	  7836.106 	  6940.902 	  8007.533 	  7474.532 	  7978.451 	  7358.680 	  7166.560 	  6987.342 	
1.8	  5051.388 	  4481.991 	  4724.636 	  5279.912 	  5040.389 	  5028.448 	  5133.829 	  4533.152 	  4903.253 	  5071.687 	  5312.266 	  5058.612 	  4496.021 	  5554.549 	  5048.938 	  4855.156 	  5775.683 	  4715.326 	  5332.078 	  5402.008 	
1.7	  3684.936 	  3477.332 	  3542.624 	  3355.805 	  3665.554 	  3623.692 	  3545.386 	  3487.609 	  3225.415 	  3255.324 	  3362.079 	  3549.845 	  3426.780 	  3859.394 	  3311.186 	  3857.147 	  3685.406 	  3471.189 	  3930.322 	  3673.909 	
1.6	  2450.746 	  2568.010 	  2158.082 	  2320.405 	  2484.693 	  2206.516 	  2295.982 	  2328.872 	  2282.903 	  2664.109 	  2172.466 	  2660.973 	  2072.621 	  2502.815 	  2273.618 	  2480.666 	  2254.822 	  2636.482 	  2438.078 	  2264.350 	
1.5	  1620.768 	  1558.169 	  1498.720 	  1445.418 	  1562.032 	  1766.347 	  1654.112 	  1545.720 	  1626.428 	  1614.794 	  1731.067 	  1628.188 	  1642.177 	  1577.269 	  1452.448 	  1557.083 	  1596.471 	  1653.288 	  1511.648 	  1485.322 	
1.6	  2379.776 	  2244.661 	  2515.934 	  2370.256 	  2225.276 	  2598.122 	  2357.350 	  2364.899 	  2324.240 	  2626.661 	  2533.411 	  2455.129 	  2538.551 	  2128.216 	  2194.584 	  2278.758 	  2540.373 	  2222.271 	  2394.658 	  2615.092 	
1.7	  3150.449 	  3238.293 	  3446.884 	  3735.210 	  3663.622 	  3962.876 	  3809.546 	  3674.501 	  3268.852 	  3637.360 	  3574.182 	  3317.436 	  3647.470 	  3760.468 	  3615.559 	  3708.480 	  3405.421 	  3691.569 	  3685.138 	  3496.060 	
1.8	  5159.838 	  5724.053 	  5156.330 	  5764.156 	  5461.577 	  5074.216 	  5531.301 	  5384.946 	  4558.811 	  4965.978 	  4737.486 	  5011.252 	  4885.760 	  5432.140 	  4656.243 	  5490.579 	  4710.187 	  5031.573 	  5062.453 	  4893.328 	
1.9	  6991.170 	  6319.746 	  6914.760 	  6803.525 	  7363.999 	  7905.626 	  6798.862 	  8116.105 	  7038.549 	  6695.162 	  7302.597 	  7267.875 	  6650.657 	  7741.611 	  7861.035 	  7585.792 	  7581.682 	  7258.290 	  7299.929 	  8052.867 	
2.0	 11488.435 	  9978.085 	 11468.960 	 10757.066 	 10980.725 	 10787.163 	  9273.596 	 10112.917 	 10009.997 	 10550.848 	  9554.869 	 10828.120 	  9329.013 	  9632.956 	 10109.915 	 10159.582 	 10648.584 	 10252.533 	 10798.357 	 10746.407 	
2.1	 14951.609 	 14626.428 	 14876.258 	 14962.308 	 14800.862 	 14910.116 	 16221.795 	 15247.523 	 14484.471 	 14972.734 	 15490.343 	 15338.010 	 15803.038 	 14363.594 	 16318.728 	 15052.330 	 13776.266 	 14398.455 	 14589.130 	 16083.662 	
2.2	 23871.336 	 24185.998 	 23949.124 	 25515.370 	 29388.426 	 27888.456 	 23428.431 	 23581.667 	 23550.762 	 38809.651 	 24157.756 	 22792.027 	 23276.792 	 24112.222 	 24695.648 	 24441.762 	 23802.421 	 22153.840 	 22994.837 	 23155.232 	
2.3	 42415.302 	 41730.372 	 42880.631 	 40648.879 	 40049.888 	 37041.533 	 40677.423 	 33388.771 	 36862.832 	 43801.128 	 34803.307 	 39031.599 	 34521.783 	 41713.925 	 48210.398 	 40613.476 	 37914.398 	 34599.460 	 44723.346 	 34655.434 	
2.4	 25642.349 	 26019.938 	 24231.582 	 23367.769 	 25978.130 	 23527.563 	 23417.091 	 21408.373 	 22358.032 	 23174.933 	 22502.889 	 23705.685 	 23337.747 	 25273.664 	 24241.008 	 26610.120 	 22675.616 	 26318.596 	 21975.812 	 20879.480 	
2.5	 17991.898 	 16731.658 	 17124.856 	 18665.575 	 21260.152 	 18963.786 	 18296.490 	 18787.622 	 18770.664 	 19126.701 	 19315.049 	 19203.404 	 18425.504 	 18583.022 	 19919.946 	 18469.016 	 20286.610 	 19860.631 	 18497.415 	 17443.162 	
2.6	 16761.482 	 17202.792 	 16280.356 	 17536.878 	 16312.262 	 18839.182 	 18339.893 	 17311.301 	 16926.889 	 17462.645 	 17982.959 	 15609.786 	 16435.595 	 18411.096 	 17580.138 	 15828.693 	 17061.741 	 17428.404 	 16315.024 	 18007.683 	
2.7	 15895.566 	 15958.683 	 15107.565 	 14414.677 	 15214.682 	 14750.954 	 15829.215 	 14517.237 	 15208.123 	 15504.896 	 16905.115 	 16016.364 	 15428.868 	 14757.186 	 17443.196 	 15343.658 	 13981.529 	 16726.378 	 13238.879 	 16056.231 	
2.8	 15295.685 	 14314.856 	 12424.983 	 13259.040 	 13695.319 	 14812.207 	 14048.790 	 13725.650 	 15702.987 	 15572.997 	 14417.613 	 14390.502 	 14460.392 	 14592.048 	 14109.536 	 15611.007 	 13706.165 	 14209.267 	 16775.918 	 14285.074 	
2.9	 14701.052 	 14266.581 	 13140.462 	 15382.270 	 14012.523 	 13067.301 	 14123.826 	 12388.501 	 14306.538 	 14242.200 	 12780.123 	 13080.946 	 13856.173 	 13899.484 	 13743.946 	 13458.526 	 13881.172 	 13944.290 	 13059.282 	 14534.731 	
3.0	 12941.226 	 12846.958 	 13210.272 	 13635.797 	 12358.850 	 12614.586 	 13103.178 	 12064.111 	 13436.079 	 13175.787 	 13951.858 	 11690.771 	 12995.875 	 13340.414 	 12639.869 	 13051.035 	 13709.536 	 12545.274 	 12701.779 	 12913.732 	
3.1	 11348.508 	 13193.022 	 12341.262 	 13120.363 	 12471.112 	 11633.547 	 11301.182 	 14181.269 	 12118.197 	 11741.098 	 13417.110 	 11488.853 	 12662.969 	 13353.655 	 12542.400 	 11336.624 	 12152.959 	 12248.347 	 11537.080 	 11859.391 	
3.2	 10942.355 	 11636.117 	 12310.406 	 11923.882 	 10729.436 	 12113.618 	 11254.133 	 10493.422 	 11637.303 	 13132.494 	 11415.462 	 11386.517 	 12773.642 	 12612.781 	 11489.650 	 12499.732 	 12376.430 	 13224.390 	 11924.149 	 12604.067 	
3.3	 11749.507 	 10449.420 	 12158.981 	 12084.319 	 10568.745 	 12490.451 	 12519.338 	 11753.931 	 10685.349 	 11431.174 	 12084.194 	  9604.272 	 11642.005 	 10258.079 	 10598.997 	 10828.862 	 12896.803 	 12798.532 	 11530.319 	 10475.100 	
3.4	 11337.128 	  9893.955 	  9863.526 	 11614.677 	 10877.707 	 11340.902 	 12705.928 	 11646.129 	 10326.253 	 10048.334 	 10542.613 	 10778.009 	 10534.661 	 11335.602 	 11072.639 	 10749.797 	  9569.888 	 12090.738 	 11769.434 	 11686.862 	
3.5	 10800.419 	 10288.704 	 11177.476 	 11475.838 	 12820.040 	 11308.674 	 10210.543 	 11389.649 	 11187.461 	 11517.884 	 10990.837 	 11099.221 	 11769.199 	 10803.338 	 10833.528 	 10999.249 	 10687.040 	 11082.720 	 11658.267 	 11427.899 	