T	Cv
3.5	   898.112 	   918.874 	   946.104 	   899.109 	   922.986 	   945.953 	   831.259 	   749.977 	   873.924 	   882.263 	   953.542 	   843.202 	   869.394 	   960.822 	   881.214 	   881.428 	   895.077 	   931.834 	   871.509 	   851.926 	
3.4	   887.282 	  1015.423 	   942.307 	   902.087 	   921.372 	   970.938 	   862.947 	   909.662 	  1027.335 	   904.934 	   909.925 	   976.794 	   876.949 	   890.773 	   984.457 	   957.466 	  1076.823 	   959.653 	   994.872 	   960.807 	
3.3	  1128.996 	  1108.581 	   978.291 	  1027.188 	  1024.933 	  1093.332 	  1045.133 	  1013.847 	  1098.305 	  1102.807 	  1026.188 	   994.238 	  1031.426 	  1112.761 	  1065.294 	  1039.690 	  1170.820 	  1129.350 	  1108.108 	  1055.966 	
3.2	  1215.362 	  1164.139 	  1066.231 	  1256.070 	  1088.216 	  1085.425 	  1266.134 	  1143.048 	  1152.758 	  1169.169 	  1226.878 	  1222.190 	  1225.017 	  1393.988 	  1122.142 	  1205.572 	  1175.299 	  1287.557 	  1252.056 	  1122.016 	
3.1	  1337.402 	  1266.564 	  1384.536 	  1274.730 	  1322.543 	  1351.106 	  1360.912 	  1255.995 	  1356.902 	  1317.531 	  1298.761 	  1309.556 	  1130.887 	  1386.939 	  1340.375 	  1296.750 	  1308.243 	  1437.131 	  1250.106 	  1322.032 	
3.0	  1406.848 	  1496.153 	  1544.878 	  1270.398 	  1345.172 	  1458.801 	  1294.241 	  1363.269 	  1516.981 	  1455.448 	  1460.065 	  1447.395 	  1610.030 	  1333.328 	  1464.859 	  1351.835 	  1311.669 	  1482.471 	  1374.680 	  1409.936 	
2.9	  1601.857 	  1677.492 	  1634.580 	  1546.734 	  1529.258 	  1566.485 	  1625.991 	  1648.243 	  1572.390 	  1683.908 	  1657.260 	  1606.204 	  1640.283 	  1462.782 	  1627.569 	  1707.868 	  1523.819 	  1659.323 	  1578.346 	  1611.432 	
2.8	  1836.542 	  1919.054 	  1666.150 	  2124.240 	  1820.610 	  1733.476 	  1776.449 	  1773.821 	  1725.704 	  1744.882 	  1861.567 	  1814.990 	  1731.604 	  1846.975 	  1875.395 	  1842.263 	  1934.524 	  1686.228 	  1947.989 	  1884.635 	
2.7	  1976.877 	  2092.961 	  1937.978 	  2308.014 	  2127.464 	  2325.046 	  2382.216 	  2144.928 	  2050.289 	  1967.232 	  2155.078 	  2333.493 	  2249.244 	  2181.701 	  1884.813 	  2343.603 	  2088.515 	  2385.507 	  2185.891 	  2109.823 	
2.6	  2222.237 	  2514.345 	  2458.762 	  2301.876 	  3069.293 	  2303.168 	  2475.884 	  2574.500 	  2541.007 	  2548.986 	  2428.974 	  2283.140 	  2315.378 	  2710.417 	  2391.004 	  2570.156 	  2410.252 	  2891.608 	  2731.050 	  2677.927 	
2.5	  3026.221 	  3099.439 	  3251.147 	  3282.919 	  3260.581 	  2838.603 	  3295.348 	  3120.132 	  3034.433 	  3003.254 	  3168.952 	  3420.356 	  3373.383 	  3068.965 	  3199.184 	  3089.372 	  3210.947 	  3108.454 	  2903.027 	  3084.147 	
2.4	  3733.106 	  4054.083 	  3739.542 	  4067.423 	  4303.407 	  4192.063 	  3851.166 	  3828.867 	  4059.083 	  4108.959 	  4107.632 	  3972.005 	  4117.275 	  4464.703 	  3639.131 	  3905.066 	  3813.241 	  4134.439 	  3891.412 	  4176.023 	
2.3	  6800.554 	  7207.882 	  7605.696 	  8594.989 	  7934.224 	  7762.439 	  7535.534 	  6819.959 	  8213.979 	  6766.610 	  6590.931 	  7851.689 	  7527.228 	  6880.052 	  6048.172 	  7704.493 	  6783.092 	  7301.379 	  7761.269 	  7287.150 	
2.2	  5110.903 	  5003.505 	  5396.105 	  4635.019 	  5352.700 	  5063.756 	  5001.892 	  4833.334 	  4484.997 	  5097.375 	  4608.555 	  4804.669 	  5269.221 	  4829.322 	  4936.572 	  5303.694 	  5648.696 	  5435.273 	  4635.045 	  5102.470 	
2.1	  3649.859 	  3300.883 	  3338.614 	  3498.503 	  3488.109 	  3221.209 	  3500.196 	  3660.311 	  4195.072 	  3707.958 	  3241.854 	  3498.283 	  3362.229 	  3388.667 	  3699.400 	  3792.928 	  3647.097 	  3307.300 	  3525.531 	  3384.751 	
2.0	  3338.569 	  2663.760 	  2929.201 	  2438.816 	  2756.472 	  2741.061 	  2384.339 	  2617.062 	  2270.593 	  2678.891 	  2518.944 	  2467.814 	  2329.521 	  2611.339 	  2842.001 	  2547.431 	  2444.233 	  2519.804 	  2651.210 	  2735.807 	
1.9	  1949.319 	  1815.537 	  1852.414 	  2156.203 	  1903.309 	  1930.832 	  2084.088 	  2130.695 	  1966.889 	  1883.874 	  1753.313 	  1999.839 	  2104.307 	  2060.092 	  2006.145 	  1863.260 	  2088.922 	  1961.188 	  2206.882 	  2124.081 	
1.8	  1609.111 	  1615.806 	  1466.638 	  1624.576 	  1471.557 	  1443.190 	  1668.023 	  1530.237 	  1694.640 	  1407.057 	  1560.959 	  1884.691 	  1664.391 	  1610.021 	  1663.704 	  1828.702 	  1773.204 	  1680.945 	  1530.064 	  1410.505 	
1.7	  1040.664 	  1134.934 	  1202.825 	  1200.628 	  1228.501 	  1396.441 	  1336.145 	  1283.897 	  1249.938 	  1216.232 	  1244.148 	  1088.580 	  1263.856 	  1365.129 	  1239.046 	  1154.000 	  1410.916 	  1321.443 	  1242.652 	  1199.664 	
1.6	   858.406 	   888.883 	   931.770 	  1044.598 	   855.837 	   981.234 	   879.850 	   995.247 	  1126.244 	  1007.150 	   866.474 	  1004.400 	   925.994 	   974.327 	   943.712 	   890.601 	   830.040 	   926.987 	   995.383 	   933.088 	
1.5	   696.890 	   744.477 	   800.069 	   718.197 	   723.308 	   717.716 	   711.404 	   623.196 	   733.963 	   740.550 	   669.241 	   700.487 	   704.557 	   752.313 	   725.041 	   694.275 	   716.658 	   675.199 	   617.135 	   740.121 	
1.6	   895.204 	  1053.740 	   904.342 	   973.145 	   939.990 	  1063.861 	   941.792 	   970.301 	   912.387 	   962.642 	   935.921 	   886.227 	   997.002 	   965.236 	   911.279 	   884.145 	   959.746 	   912.961 	   965.218 	  1028.227 	
1.7	  1301.056 	  1213.071 	  1223.642 	  1332.508 	  1290.146 	  1129.981 	  1295.076 	  1201.246 	  1347.426 	  1164.439 	  1324.986 	  1217.255 	  1179.123 	  1134.660 	  1275.286 	  1317.873 	  1335.937 	  1196.584 	  1199.686 	  1283.718 	
1.8	  1536.817 	  1600.599 	  1451.769 	  1445.042 	  1550.221 	  1693.225 	  1559.736 	  1667.537 	  1586.857 	  1680.660 	  1708.216 	  1505.025 	  1603.347 	  1484.361 	  1611.281 	  1582.867 	  1548.631 	  1771.761 	  1512.596 	  1630.334 	
1.9	  1853.905 	  2042.788 	  2127.054 	  2065.932 	  1916.513 	  2042.151 	  2067.417 	  2007.085 	  2430.592 	  2102.949 	  1913.297 	  1917.476 	  1968.901 	  1964.078 	  1757.813 	  2127.116 	  1972.095 	  1937.039 	  2059.978 	  1986.093 	
2.0	  2506.449 	  2749.650 	  2650.613 	  2370.523 	  2444.738 	  2537.879 	  2493.147 	  2623.603 	  2412.870 	  2893.984 	  2534.922 	  2421.961 	  2697.370 	  2725.147 	  2662.580 	  2450.849 	  2623.106 	  2503.595 	  2671.901 	  2906.501 	
2.1	  3875.963 	  3091.155 	  3575.580 	  3412.014 	  3304.090 	  3776.119 	  3176.660 	  3479.527 	  3685.626 	  3324.995 	  3428.661 	  3351.333 	  3487.286 	  3393.272 	  3556.124 	  3331.032 	  3479.476 	  3497.200 	  3103.486 	  3715.916 	
2.2	  7861.348 	  4949.353 	  5116.033 	  4896.973 	  6435.437 	  4508.501 	  4974.959 	  4518.046 	  5525.867 	  4946.884 	  4649.655 	  5241.345 	  5111.950 	  4815.177 	  4877.139 	  4933.589 	  5254.927 	  5279.790 	  4555.275 	  5009.964 	
2.3	  6642.081 	  7971.961 	  7024.916 	  7353.234 	  7898.742 	  6619.090 	  8566.522 	  7557.983 	  7404.728 	  6739.108 	  7708.573 	  6901.358 	  7254.724 	  6807.966 	  7326.314 	  7769.797 	  7537.060 	  7425.910 	  7335.201 	  7259.189 	
2.4	  3819.351 	  4086.154 	  4520.876 	  3969.958 	  4073.175 	  4082.942 	  4325.629 	  4109.738 	  3511.248 	  3852.225 	  4180.664 	  3989.259 	  4066.212 	  4608.752 	  4006.391 	  3948.920 	  4451.702 	  3683.672 	  3830.770 	  4152.451 	
2.5	  3059.172 	  2866.828 	  3099.397 	  3093.951 	  3341.415 	  2830.913 	  3303.732 	  3400.746 	  2953.462 	  3176.785 	  2895.617 	  3260.379 	  2998.780 	  3229.583 	  3434.609 	  3069.081 	  3013.681 	  3017.441 	  3036.215 	  2814.113 	
2.6	  2489.683 	  2806.824 	  2332.862 	  2508.062 	  2283.985 	  2490.468 	  2811.175 	  2641.872 	  2525.139 	  2492.243 	  2637.228 	  2677.867 	  2414.958 	  2485.540 	  2518.231 	  2642.463 	  2613.410 	  2447.436 	  2412.842 	  2623.678 	
2.7	  2474.624 	  2039.152 	  2053.504 	  1974.915 	  2017.880 	  1840.267 	  1975.577 	  2165.799 	  2035.734 	  2239.458 	  2128.838 	  2037.482 	  2125.291 	  2026.136 	  1994.959 	  2100.920 	  2026.225 	  2105.098 	  2117.498 	  1894.422 	
2.8	  1810.059 	  1891.733 	  1988.406 	  1742.324 	  1784.999 	  1907.522 	  1851.197 	  1862.219 	  1914.886 	  2049.291 	  1878.761 	  1750.126 	  1629.857 	  2332.814 	  1832.638 	  1826.738 	  1763.163 	  1950.125 	  1901.057 	  1661.869 	
2.9	  1568.262 	  1594.028 	  1562.547 	  1652.670 	  1548.353 	  1735.838 	  1613.211 	  1680.442 	  1758.754 	  1764.887 	  1652.497 	  1568.486 	  1633.915 	  1712.862 	  1648.196 	  1648.857 	  1557.730 	  1543.900 	  1663.439 	  1553.458 	
3.0	  1485.671 	  1490.344 	  1415.883 	  1479.875 	  1544.502 	  1352.284 	  1520.128 	  1370.409 	  1349.630 	  1437.938 	  1268.231 	  1500.901 	  1457.409 	  1469.511 	  1405.369 	  1363.449 	  1402.692 	  1313.934 	  1574.595 	  1446.076 	
3.1	  1294.458 	  1251.543 	  1358.677 	  1186.403 	  1353.310 	  1222.300 	  1416.454 	  1270.453 	  1307.920 	  1265.465 	  1264.770 	  1415.412 	  1338.834 	  1247.716 	  1231.471 	  1215.768 	  1344.018 	  1484.317 	  1274.124 	  1204.686 	
3.2	  1156.222 	  1179.891 	  1182.222 	  1099.726 	  1187.230 	  1134.585 	  1037.825 	  1074.877 	  1278.203 	  1234.226 	  1182.112 	  1037.276 	  1221.328 	  1164.441 	  1179.450 	  1142.752 	  1215.561 	  1224.173 	  1127.489 	  1214.629 	
3.3	  1011.509 	  1040.903 	  1000.615 	  1033.071 	  1121.458 	  1073.395 	  1096.965 	  1062.391 	  1081.752 	  1015.922 	  1123.629 	  1014.402 	  1113.007 	  1023.614 	   989.742 	  1006.874 	  1142.137 	  1116.098 	  1055.857 	  1048.554 	
3.4	   928.256 	   954.620 	   996.865 	   980.210 	  1056.001 	   933.780 	   936.255 	   998.023 	   975.825 	   969.115 	   993.245 	   939.080 	   883.532 	   941.564 	   973.317 	  1003.081 	  1069.316 	   985.668 	  1005.286 	  1003.684 	
3.5	   877.448 	   859.309 	   863.441 	   918.037 	  1023.721 	   849.664 	   919.525 	   893.304 	   900.066 	   778.376 	   881.553 	   867.857 	   882.252 	   847.341 	   922.570 	   962.365 	   930.249 	   937.762 	   969.938 	   905.219 	