T	varE
3.5	 11001.872 	 11256.209 	 11589.771 	 11014.080 	 11306.576 	 11587.922 	 10182.927 	  9187.219 	 10705.566 	 10807.718 	 11680.885 	 10329.229 	 10650.082 	 11770.074 	 10794.866 	 10797.487 	 10964.693 	 11414.964 	 10675.986 	 10436.092 	
3.4	 10256.978 	 11738.293 	 10893.064 	 10428.126 	 10651.058 	 11224.045 	  9975.669 	 10515.691 	 11875.994 	 10461.037 	 10518.731 	 11291.744 	 10137.525 	 10297.338 	 11380.320 	 11068.302 	 12448.079 	 11093.589 	 11500.722 	 11106.926 	
3.3	 12294.768 	 12072.448 	 10653.584 	 11186.079 	 11161.523 	 11906.384 	 11381.498 	 11040.790 	 11960.544 	 12009.572 	 11175.186 	 10827.249 	 11232.234 	 12117.968 	 11601.049 	 11322.226 	 12750.230 	 12298.618 	 12067.301 	 11499.466 	
3.2	 12445.303 	 11920.782 	 10918.207 	 12862.162 	 11143.332 	 11114.756 	 12965.209 	 11704.808 	 11804.239 	 11972.293 	 12563.236 	 12515.230 	 12544.178 	 14274.441 	 11490.738 	 12345.062 	 12035.061 	 13184.587 	 12821.051 	 11489.439 	
3.1	 12852.428 	 12171.680 	 13305.394 	 12250.154 	 12709.636 	 12984.125 	 13078.367 	 12070.116 	 13039.824 	 12661.477 	 12481.092 	 12584.835 	 10867.824 	 13328.485 	 12881.003 	 12461.765 	 12572.212 	 13810.826 	 12013.519 	 12704.727 	
3.0	 12661.628 	 13465.378 	 13903.906 	 11433.580 	 12106.549 	 13129.205 	 11648.171 	 12269.422 	 13652.826 	 13099.036 	 13140.586 	 13026.559 	 14490.270 	 11999.954 	 13183.733 	 12166.517 	 11805.018 	 13342.242 	 12372.119 	 12689.420 	
2.9	 13471.615 	 14107.711 	 13746.816 	 13008.031 	 12861.058 	 13174.136 	 13674.587 	 13861.725 	 13223.797 	 14161.663 	 13937.560 	 13508.177 	 13794.782 	 12301.994 	 13687.856 	 14363.171 	 12815.320 	 13954.909 	 13273.890 	 13552.144 	
2.8	 14398.489 	 15045.382 	 13062.616 	 16654.044 	 14273.582 	 13590.448 	 13927.358 	 13906.756 	 13529.519 	 13679.876 	 14594.683 	 14229.525 	 13575.779 	 14480.280 	 14703.098 	 14443.342 	 15166.671 	 13220.026 	 15272.230 	 14775.538 	
2.7	 14411.430 	 15257.689 	 14127.861 	 16825.422 	 15509.209 	 16949.582 	 17366.357 	 15636.527 	 14946.609 	 14341.119 	 15710.520 	 17011.164 	 16396.988 	 15904.597 	 13740.286 	 17084.866 	 15225.271 	 17390.346 	 15935.147 	 15380.610 	
2.6	 15022.324 	 16996.969 	 16621.232 	 15560.684 	 20748.422 	 15569.416 	 16736.974 	 17403.623 	 17177.208 	 17231.144 	 16419.866 	 15434.027 	 15651.957 	 18322.421 	 16163.189 	 17374.258 	 16293.307 	 19547.267 	 18461.896 	 18102.784 	
2.5	 18913.880 	 19371.491 	 20319.671 	 20518.243 	 20378.630 	 17741.271 	 20595.925 	 19500.826 	 18965.205 	 18770.336 	 19805.950 	 21377.227 	 21083.645 	 19181.032 	 19994.901 	 19308.572 	 20068.417 	 19427.836 	 18143.919 	 19275.919 	
2.4	 21502.690 	 23351.516 	 21539.759 	 23428.356 	 24787.626 	 24146.282 	 22182.714 	 22054.271 	 23380.316 	 23667.605 	 23659.962 	 22878.751 	 23715.502 	 25716.691 	 20961.394 	 22493.180 	 21964.266 	 23814.368 	 22414.531 	 24053.891 	
2.3	 35974.932 	 38129.698 	 40234.129 	 45467.492 	 41972.042 	 41063.302 	 39862.976 	 36077.584 	 43451.949 	 35795.365 	 34866.024 	 41535.435 	 39819.035 	 36395.477 	 31994.832 	 40756.770 	 35882.556 	 38624.296 	 41057.110 	 38549.023 	
2.2	 24736.772 	 24216.964 	 26117.148 	 22433.493 	 25907.066 	 24508.579 	 24209.158 	 23393.335 	 21707.383 	 24671.296 	 22305.408 	 23254.595 	 25503.029 	 23373.918 	 23893.007 	 25669.879 	 27339.687 	 26306.723 	 22433.620 	 24695.955 	
2.1	 16095.880 	 14556.895 	 14723.290 	 15428.399 	 15382.560 	 14205.531 	 15435.864 	 16141.972 	 18500.267 	 16352.093 	 14296.574 	 15427.426 	 14827.429 	 14944.021 	 16314.354 	 16726.811 	 16083.698 	 14585.192 	 15547.590 	 14926.750 	
2.0	 13354.276 	 10655.040 	 11716.803 	  9755.262 	 11025.888 	 10964.242 	  9537.354 	 10468.247 	  9082.372 	 10715.565 	 10075.777 	  9871.258 	  9318.083 	 10445.356 	 11368.005 	 10189.723 	  9776.931 	 10079.217 	 10604.839 	 10943.226 	
1.9	  7037.042 	  6554.088 	  6687.213 	  7783.892 	  6870.947 	  6970.302 	  7523.557 	  7691.808 	  7100.469 	  6800.784 	  6329.461 	  7219.420 	  7596.547 	  7436.933 	  7242.182 	  6726.370 	  7541.009 	  7079.889 	  7966.844 	  7667.934 	
1.8	  5213.519 	  5235.210 	  4751.907 	  5263.627 	  4767.845 	  4675.935 	  5404.394 	  4957.968 	  5490.633 	  4558.864 	  5057.508 	  6106.400 	  5392.627 	  5216.469 	  5390.399 	  5924.994 	  5745.181 	  5446.261 	  4957.408 	  4570.037 	
1.7	  3007.518 	  3279.960 	  3476.165 	  3469.815 	  3550.368 	  4035.714 	  3861.459 	  3710.462 	  3612.320 	  3514.909 	  3595.589 	  3145.997 	  3652.543 	  3945.222 	  3580.842 	  3335.059 	  4077.546 	  3818.970 	  3591.264 	  3467.030 	
1.6	  2197.520 	  2275.539 	  2385.331 	  2674.171 	  2190.942 	  2511.959 	  2252.416 	  2547.832 	  2883.184 	  2578.304 	  2218.172 	  2571.264 	  2370.544 	  2494.277 	  2415.904 	  2279.938 	  2124.902 	  2373.086 	  2548.181 	  2388.706 	
1.5	  1568.002 	  1675.074 	  1800.156 	  1615.942 	  1627.443 	  1614.860 	  1600.659 	  1402.191 	  1651.418 	  1666.238 	  1505.792 	  1576.096 	  1585.252 	  1692.704 	  1631.342 	  1562.118 	  1612.480 	  1519.198 	  1388.554 	  1665.271 	
1.6	  2291.723 	  2697.573 	  2315.116 	  2491.251 	  2406.374 	  2723.484 	  2410.986 	  2483.971 	  2335.710 	  2464.363 	  2395.957 	  2268.742 	  2552.326 	  2471.003 	  2332.874 	  2263.411 	  2456.951 	  2337.181 	  2470.959 	  2632.262 	
1.7	  3760.053 	  3505.775 	  3536.325 	  3850.949 	  3728.523 	  3265.646 	  3742.770 	  3471.600 	  3894.062 	  3365.229 	  3829.208 	  3517.866 	  3407.666 	  3279.167 	  3685.578 	  3808.653 	  3860.859 	  3458.129 	  3467.092 	  3709.946 	
1.8	  4979.287 	  5185.941 	  4703.731 	  4681.937 	  5022.716 	  5486.048 	  5053.546 	  5402.821 	  5141.418 	  5445.338 	  5534.621 	  4876.280 	  5194.845 	  4809.331 	  5220.551 	  5128.488 	  5017.566 	  5740.506 	  4900.810 	  5282.282 	
1.9	  6692.597 	  7374.463 	  7678.664 	  7458.015 	  6918.611 	  7372.167 	  7463.376 	  7245.579 	  8774.436 	  7591.647 	  6907.002 	  6922.088 	  7107.733 	  7090.322 	  6345.706 	  7678.891 	  7119.263 	  6992.709 	  7436.521 	  7169.796 	
2.0	 10025.796 	 10998.600 	 10602.451 	  9482.094 	  9778.952 	 10151.515 	  9972.589 	 10494.413 	  9651.480 	 11575.937 	 10139.690 	  9687.845 	 10789.480 	 10900.590 	 10650.319 	  9803.397 	 10492.423 	 10014.382 	 10687.602 	 11626.005 	
2.1	 17092.997 	 13631.996 	 15768.309 	 15046.982 	 14571.036 	 16652.683 	 14009.072 	 15344.714 	 16253.610 	 14663.230 	 15120.394 	 14779.381 	 15378.931 	 14964.330 	 15682.506 	 14689.852 	 15344.491 	 15422.650 	 13686.372 	 16387.189 	
2.2	 38048.927 	 23954.867 	 24761.599 	 23701.349 	 31147.516 	 21821.144 	 24078.802 	 21867.342 	 26745.199 	 23942.920 	 22504.330 	 25368.109 	 24741.841 	 23305.460 	 23605.355 	 23878.573 	 25433.849 	 25554.186 	 22047.530 	 24248.226 	
2.3	 35136.610 	 42171.676 	 37161.809 	 38898.611 	 41784.348 	 35014.988 	 45316.902 	 39981.731 	 39171.012 	 35649.883 	 40778.350 	 36508.186 	 38377.492 	 36014.144 	 38756.203 	 41102.229 	 39871.050 	 39283.066 	 38803.216 	 38401.109 	
2.4	 21999.461 	 23536.248 	 26040.245 	 22866.962 	 23461.489 	 23517.746 	 24915.626 	 23672.092 	 20224.786 	 22188.817 	 24080.625 	 22978.133 	 23421.379 	 26546.413 	 23076.811 	 22745.781 	 25641.802 	 21217.954 	 22065.235 	 23918.120 	
2.5	 19119.827 	 17917.677 	 19371.232 	 19337.197 	 20883.847 	 17693.205 	 20648.323 	 21254.662 	 18459.138 	 19854.909 	 18097.605 	 20377.367 	 18742.375 	 20184.893 	 21466.307 	 19181.756 	 18835.509 	 18859.004 	 18976.346 	 17588.209 	
2.6	 16830.256 	 18974.131 	 15770.147 	 16954.502 	 15439.739 	 16835.567 	 19003.541 	 17859.057 	 17069.938 	 16847.560 	 17827.659 	 18102.381 	 16325.119 	 16802.250 	 17023.239 	 17863.051 	 17666.649 	 16544.670 	 16310.811 	 17736.064 	
2.7	 18040.011 	 14865.417 	 14970.043 	 14397.130 	 14710.346 	 13415.546 	 14401.957 	 15788.676 	 14840.503 	 16325.649 	 15519.226 	 14853.244 	 15493.370 	 14770.533 	 14543.249 	 15315.706 	 14771.184 	 15346.165 	 15436.558 	 13810.338 	
2.8	 14190.862 	 14831.191 	 15589.106 	 13659.819 	 13994.396 	 14954.972 	 14513.384 	 14599.795 	 15012.709 	 16066.445 	 14729.489 	 13720.986 	 12778.079 	 18289.261 	 14367.884 	 14321.626 	 13823.199 	 15288.981 	 14904.287 	 13029.053 	
2.9	 13189.086 	 13405.776 	 13141.022 	 13898.952 	 13021.652 	 14598.397 	 13567.106 	 14132.515 	 14791.119 	 14842.698 	 13897.500 	 13190.968 	 13741.224 	 14405.172 	 13861.332 	 13866.889 	 13100.507 	 12984.203 	 13989.519 	 13064.580 	
3.0	 13371.039 	 13413.100 	 12742.949 	 13318.872 	 13900.516 	 12170.557 	 13681.152 	 12333.685 	 12146.667 	 12941.443 	 11414.076 	 13508.106 	 13116.678 	 13225.602 	 12648.322 	 12271.038 	 12624.231 	 11825.408 	 14171.356 	 13014.684 	
3.1	 12439.746 	 12027.331 	 13056.883 	 11401.332 	 13005.312 	 11746.306 	 13612.120 	 12209.056 	 12569.112 	 12161.123 	 12154.436 	 13602.106 	 12866.199 	 11990.554 	 11834.441 	 11683.533 	 12916.017 	 14264.288 	 12244.337 	 11577.030 	
3.2	 11839.711 	 12082.085 	 12105.950 	 11261.192 	 12157.239 	 11618.146 	 10627.328 	 11006.743 	 13088.798 	 12638.478 	 12104.826 	 10621.707 	 12506.400 	 11923.880 	 12077.564 	 11701.777 	 12447.350 	 12535.530 	 11545.492 	 12437.802 	
3.3	 11015.333 	 11335.439 	 10896.702 	 11250.144 	 12212.677 	 11689.269 	 11945.949 	 11569.439 	 11780.277 	 11063.386 	 12236.323 	 11046.834 	 12120.650 	 11147.154 	 10778.293 	 10964.859 	 12437.874 	 12154.306 	 11498.279 	 11418.756 	
3.4	 10730.638 	 11035.413 	 11523.765 	 11331.226 	 12207.368 	 10794.497 	 10823.107 	 11537.149 	 11280.533 	 11202.965 	 11481.912 	 10855.765 	 10213.626 	 10884.479 	 11251.541 	 11595.616 	 12361.297 	 11394.320 	 11621.104 	 11602.589 	
3.5	 10748.734 	 10526.536 	 10577.151 	 11245.956 	 12540.582 	 10408.386 	 11264.184 	 10942.971 	 11025.813 	  9535.109 	 10799.022 	 10631.252 	 10807.592 	 10379.925 	 11301.483 	 11788.978 	 11395.554 	 11487.584 	 11881.737 	 11088.933 	